0 0
1 0
2 0
3 1
4 1
5 2
6 2
7 3
8 4
9 4
10 4
11 5
12 5
13 5
14 6
15 7
16 7
17 8
18 8
19 9
20 9
21 10
22 10
23 11
24 11
25 12
26 12
27 13
28 13
29 14
30 14
31 15
32 15
33 15
34 16
35 17
36 18
37 19
38 20
39 21
40 22
41 23
42 24
43 25
44 26
45 27
46 28
47 29
48 29
49 29
50 30
51 31
52 31
53 32
54 32
55 33
56 33
57 34
58 34
59 35
60 35
61 36
62 36
63 37
64 37
65 38
66 38
67 39
68 39
69 40
70 40
71 41
72 41
73 42
74 43
75 43
76 44
77 44
78 45
79 45
80 46
81 46
82 47
83 47
84 48
85 48
86 49
87 49
88 50
89 50
90 51
91 52
92 53
93 54
94 55
95 56
96 57
97 57
98 57
99 58
100 59
101 60
102 60
103 61
104 61
105 61
106 62
107 63
108 64
109 64
110 65
111 65
112 65
113 66
114 67
115 68
116 68
117 68
118 69
119 70
120 70
121 70
122 71
123 71
124 71
125 72
126 73
127 74
128 75
129 75
130 75
131 76
132 76
133 76
134 77
135 78
136 79
137 79
138 79
139 80
140 81
141 81
142 81
143 82
144 83
145 84
146 85
147 86
148 88
149 89
150 89
151 89
152 90
153 91
154 91
155 92
156 92
157 93
158 93
159 94
160 94
161 95
162 95
163 96
164 96
165 97
166 97
167 98
168 98
169 99
170 99
171 100
172 100
173 101
174 101
175 102
176 102
177 103
178 103
179 104
180 104
181 105
182 105
183 106
184 106
185 107
186 107
187 108
188 108
189 109
190 109
191 110
192 110
193 111
194 111
195 112
196 112
197 113
198 113
199 114
200 114
201 115
202 115
203 116
204 116
205 117
206 118
207 118
208 119
209 119
210 120
211 120
212 121
213 122
214 122
215 123
216 123
217 124
218 124
219 125
220 125
221 126
222 126
223 127
224 127
225 128
226 129
227 129
228 130
229 130
230 131
231 131
232 132
233 132
234 133
235 134
236 134
237 135
238 135
239 136
240 136
241 137
242 138
243 139
244 139
245 140
246 140
247 141
248 141
249 142
250 143
251 143
252 144
253 144
254 145
255 145
256 146
257 146
258 147
259 147
260 148
261 148
262 149
263 149
264 150
265 150
266 151
267 151
268 152
269 153
270 153
271 153
272 154
273 155
274 156
275 156
276 156
277 157
278 157
279 157
280 158
281 159
282 160
283 160
284 160
285 161
286 162
287 162
288 162
289 163
290 164
291 165
292 167
293 168
294 169
295 170
296 170
297 170
298 171
299 171
300 171
301 172
302 173
303 174
304 175
305 176
306 177
307 179
308 181
309 182
310 183
311 184
312 184
313 184
314 185
315 185
316 185
317 186
318 187
319 188
320 189
321 190
322 192
323 193
324 194
325 195
326 197
327 198
328 198
329 198
330 199
331 200
332 200
333 200
334 201
335 203
336 204
337 205
338 206
339 207
340 207
341 207
342 209
343 210
344 211
345 212
346 214
347 215
348 216
349 217
350 218
351 219
352 219
353 219
354 220
355 221
356 221
357 221
358 222
359 223
360 223
361 223
362 224
363 225
364 226
365 227
366 228
367 229
368 230
369 231
370 232
371 234
372 235
373 236
374 236
375 236
376 237
377 238
378 238
379 238
380 239
381 240
382 241
383 242
384 243
385 244
386 244
387 244
388 245
389 246
390 247
391 248
392 249
393 250
394 250
395 251
396 252
397 252
398 252
399 253
400 254
401 255
402 255
403 256
404 256
405 256
406 257
407 258
408 259
409 259
410 259
411 260
412 261
413 261
414 261
415 262
416 263
417 264
418 265
419 267
420 268
421 268
422 269
423 269
424 270
425 270
426 271
427 271
428 272
429 272
430 273
431 273
432 274
433 274
434 275
435 276
436 276
437 277
438 277
439 278
440 279
441 279
442 280
443 280
444 281
445 281
446 282
447 282
448 283
449 283
450 284
451 285
452 285
453 286
454 286
455 287
456 288
457 289
458 289
459 290
460 290
461 291
462 291
463 292
464 292
465 293
466 293
467 294
468 294
469 295
470 295
471 296
472 296
473 297
474 297
475 298
476 298
477 299
478 299
479 300
480 300
481 301
482 301
483 302
484 302
485 303
486 303
487 304
488 304
489 305
490 305
491 306
492 306
493 307
494 307
495 308
496 308
497 309
498 309
499 310
500 310
501 311
502 311
503 312
504 312
505 313
506 313
507 314
508 314
509 315
510 315
511 316
512 316
513 317
514 317
515 318
516 318
517 319
518 320
519 320
520 321
521 321
522 322
523 322
524 323
525 324
526 324
527 325
528 325
529 326
530 326
531 327
532 327
533 328
534 328
535 329
536 329
537 330
538 330
539 331
540 331
541 332
542 332
543 333
544 333
545 334
546 334
547 335
548 336
549 336
550 337
551 337
552 338
553 338
554 339
555 339
556 340
557 340
558 341
559 341
560 342
561 342
562 343
563 344
564 344
565 345
566 345
567 346
568 346
569 347
570 347
571 348
572 349
573 349
574 350
575 350
576 351
577 351
578 352
579 352
580 353
581 353
582 354
583 354
584 355
585 355
586 356
587 356
588 357
589 357
590 358
591 358
592 359
593 359
594 360
595 360
596 361
597 361
598 362
599 362
600 363
601 363
602 364
603 364
604 365
605 366
606 366
607 367
608 367
609 368
610 368
611 369
612 370
613 370
614 371
615 371
616 372
617 372
618 373
619 373
620 374
621 374
622 375
623 375
624 376
625 376
626 377
627 377
628 378
629 378
630 379
631 379
632 380
633 380
634 381
635 382
636 382
637 383
638 383
639 384
640 384
641 385
642 385
643 386
644 386
645 387
646 387
647 388
648 389
649 389
650 390
651 391
652 391
653 392
654 392
655 393
656 393
657 394
658 394
659 395
660 395
661 396
662 396
663 397
664 397
665 398
666 398
667 399
668 399
669 400
670 400
671 401
672 402
673 402
674 403
675 403
676 404
677 405
678 405
679 406
680 406
681 407
682 407
683 408
684 408
685 409
686 410
687 410
688 411
689 411
690 412
691 412
692 413
693 413
694 414
695 414
696 415
697 415
698 416
699 416
700 417
701 417
702 418
703 418
704 419
705 419
706 420
707 420
708 420
709 421
710 422
711 424
712 425
713 426
714 427
715 428
716 428
717 428
718 429
719 430
720 430
721 430
722 431
723 432
724 433
725 434
726 435
727 436
728 437
729 438
730 439
731 440
732 442
733 443
734 443
735 443
736 444
737 445
738 445
739 445
740 446
741 447
742 448
743 449
744 450
745 451
746 452
747 452
748 452
749 453
750 454
751 455
752 456
753 457
754 457
755 457
756 458
757 459
758 459
759 460
760 461
761 462
762 462
763 462
764 463
765 464
766 464
767 465
768 465
769 465
770 466
771 467
772 468
773 468
774 468
775 469
776 470
777 471
778 472
779 473
780 475
781 476
782 477
783 478
784 479
785 480
786 481
787 481
788 481
789 482
790 483
791 484
792 484
793 485
794 486
795 487
796 488
797 488
798 488
799 489
800 490
801 491
802 491
803 491
804 492
805 493
806 494
807 494
808 494
809 495
810 496
811 497
812 497
813 497
814 498
815 499
816 500
817 500
818 500
819 501
820 502
821 503
822 504
823 505
824 507
825 508
826 509
827 510
828 511
829 512
830 513
831 513
832 513
833 514
834 515
835 516
836 516
837 517
838 518
839 519
840 520
841 521
842 521
843 521
844 522
845 522
846 522
847 523
848 524
849 525
850 525
851 525
852 526
853 527
854 528
855 528
856 528
857 529
858 530
859 530
860 530
861 531
862 532
863 533
864 534
865 536
866 537
867 537
868 537
869 538
870 539
871 540
872 541
873 542
874 543
875 544
876 545
877 545
878 546
879 547
880 548
881 548
882 548
883 549
884 550
885 551
886 551
887 551
888 552
889 552
890 552
891 553
892 554
893 555
894 556
895 557
896 558
897 559
898 560
899 560
900 561
901 562
902 563
903 563
904 563
905 564
906 565
907 566
908 566
909 566
910 567
911 567
912 567
913 568
914 569
915 570
916 570
917 570
918 571
919 572
920 573
921 573
922 573
923 574
924 575
925 575
926 576
927 577
928 578
929 580
930 581
931 582
932 583
933 583
934 583
935 584
936 585
937 586
938 587
939 588
940 590
941 591
942 591
943 591
944 592
945 593
946 594
947 595
948 596
949 597
950 598
951 598
952 598
953 599
954 600
955 600
956 600
957 601
958 602
959 603
960 603
961 604
962 605
963 606
964 606
965 606
966 607
967 608
968 608
969 609
970 609
971 609
972 610
973 611
974 612
975 613
976 613
977 613
978 614
979 614
980 614
981 615
982 616
983 617
984 617
985 617
986 618
987 619
988 620
989 621
990 622
991 624
992 624
993 624
994 625
995 626
996 627
997 628
998 629
999 630
1000 631
1001 632
1002 632
1003 633
1004 634
1005 635
1006 635
1007 635
1008 636
1009 637
1010 638
1011 638
1012 638
1013 639
1014 639
1015 639
1016 640
1017 641
1018 642
1019 643
1020 644
1021 645
1022 646
1023 647
1024 648
1025 648
1026 649
1027 650
1028 651
1029 651
1030 651
1031 652
1032 653
1033 654
1034 654
1035 654
1036 656
1037 657
1038 659
1039 659
1040 659
1041 660
1042 661
1043 663
1044 664
1045 665
1046 666
1047 667
1048 667
1049 667
1050 668
1051 669
1052 669
1053 669
1054 670
1055 671
1056 672
1057 674
1058 675
1059 676
1060 677
1061 678
1062 679
1063 680
1064 680
1065 680
1066 681
1067 681
1068 681
1069 682
1070 683
1071 684
1072 685
1073 686
1074 687
1075 688
1076 688
1077 688
1078 689
1079 690
1080 691
1081 692
1082 693
1083 694
1084 695
1085 696
1086 696
1087 697
1088 698
1089 698
1090 699
1091 700
1092 701
1093 701
1094 702
1095 702
1096 702
1097 703
1098 704
1099 705
1100 705
1101 705
1102 706
1103 706
1104 707
1105 707
1106 708
1107 708
1108 709
1109 709
1110 710
1111 710
1112 711
1113 711
1114 712
1115 713
1116 713
1117 714
1118 714
1119 715
1120 715
1121 716
1122 716
1123 717
1124 717
1125 718
1126 718
1127 719
1128 719
1129 720
1130 720
1131 721
1132 721
1133 722
1134 722
1135 723
1136 723
1137 724
1138 725
1139 725
1140 726
1141 726
1142 727
1143 727
1144 728
1145 729
1146 729
1147 730
1148 730
1149 731
1150 731
1151 732
1152 732
1153 733
1154 733
1155 734
1156 734
1157 735
1158 735
1159 736
1160 736
1161 737
1162 737
1163 738
1164 738
1165 739
1166 739
1167 740
1168 740
1169 741
1170 742
1171 743
1172 743
1173 744
1174 744
1175 745
1176 745
1177 746
1178 746
1179 747
1180 747
1181 748
1182 748
1183 749
1184 750
1185 750
1186 751
1187 751
1188 752
1189 752
1190 753
1191 753
1192 754
1193 754
1194 755
1195 755
1196 756
1197 756
1198 757
1199 757
1200 758
1201 758
1202 759
1203 759
1204 760
1205 760
1206 761
1207 762
1208 762
1209 763
1210 763
1211 764
1212 764
1213 765
1214 765
1215 766
1216 767
1217 767
1218 768
1219 768
1220 769
1221 770
1222 770
1223 771
1224 771
1225 772
1226 772
1227 773
1228 773
1229 774
1230 774
1231 775
1232 775
1233 776
1234 776
1235 777
1236 777
1237 778
1238 778
1239 779
1240 779
1241 780
1242 780
1243 781
1244 782
1245 782
1246 783
1247 783
1248 784
1249 784
1250 785
1251 785
1252 786
1253 786
1254 787
1255 787
1256 788
1257 788
1258 789
1259 789
1260 790
1261 790
1262 791
1263 791
1264 792
1265 792
1266 793
1267 793
1268 794
1269 794
1270 795
1271 795
1272 796
1273 796
1274 797
1275 797
1276 798
1277 799
1278 799
1279 800
1280 801
1281 801
1282 802
1283 802
1284 803
1285 803
1286 804
1287 804
1288 805
1289 805
1290 806
1291 807
1292 807
1293 808
1294 808
1295 809
1296 809
1297 810
1298 810
1299 811
1300 811
1301 812
1302 812
1303 813
1304 814
1305 814
1306 815
1307 815
1308 816
1309 816
1310 817
1311 817
1312 818
1313 818
1314 819
1315 819
1316 820
1317 820
1318 821
1319 821
1320 822
1321 822
1322 823
1323 823
1324 824
1325 825
1326 825
1327 826
1328 826
1329 827
1330 827
1331 828
1332 828
1333 829
1334 829
1335 830
1336 830
1337 831
1338 831
1339 832
1340 832
1341 833
1342 833
1343 834
1344 834
1345 835
1346 835
1347 836
1348 836
1349 837
1350 837
1351 838
1352 838
1353 839
1354 840
1355 840
1356 841
1357 841
1358 842
1359 842
1360 843
1361 844
1362 844
1363 845
1364 845
1365 846
1366 846
1367 847
1368 847
1369 848
1370 848
1371 849
1372 849
1373 850
1374 851
1375 851
1376 852
1377 852
1378 853
1379 853
1380 854
1381 854
1382 855
1383 856
1384 856
1385 857
1386 857
1387 858
1388 858
1389 859
1390 859
1391 860
1392 860
1393 861
1394 861
1395 862
1396 862
1397 863
1398 863
1399 864
1400 864
1401 865
1402 865
1403 866
1404 866
1405 867
1406 867
1407 868
1408 868
1409 869
1410 869
1411 870
1412 871
1413 871
1414 872
1415 872
1416 873
1417 873
1418 874
1419 874
1420 875
1421 875
1422 876
1423 876
1424 877
1425 877
1426 878
1427 878
1428 879
1429 879
1430 880
1431 880
1432 881
1433 881
1434 882
1435 882
1436 883
1437 883
1438 884
1439 884
1440 885
1441 885
1442 886
1443 886
1444 887
1445 888
1446 888
1447 889
1448 889
1449 890
1450 890
1451 891
1452 891
1453 892
1454 892
1455 893
1456 893
1457 894
1458 895
1459 895
1460 896
1461 896
1462 897
1463 897
1464 898
1465 898
1466 899
1467 899
1468 900
1469 900
1470 901
1471 901
1472 902
1473 902
1474 903
1475 903
1476 904
1477 904
1478 905
1479 905
1480 906
1481 906
1482 907
1483 907
1484 908
1485 908
1486 909
1487 910
1488 910
1489 911
1490 911
1491 912
1492 912
1493 913
1494 913
1495 914
1496 914
1497 915
1498 915
1499 916
1500 917
1501 917
1502 918
1503 918
1504 919
1505 919
1506 920
1507 920
1508 921
1509 921
1510 922
1511 923
1512 923
1513 924
1514 924
1515 925
1516 926
1517 926
1518 927
1519 927
1520 928
1521 928
1522 929
1523 929
1524 930
1525 930
1526 931
1527 931
1528 932
1529 932
1530 933
1531 933
1532 934
1533 934
1534 935
1535 936
1536 936
1537 937
1538 937
1539 938
1540 938
1541 939
1542 939
1543 940
1544 940
1545 941
1546 941
1547 942
1548 942
1549 943
1550 943
1551 944
1552 944
1553 945
1554 946
1555 946
1556 947
1557 947
1558 948
1559 948
1560 949
1561 949
1562 950
1563 950
1564 951
1565 951
1566 952
1567 952
1568 953
1569 953
1570 954
1571 954
1572 955
1573 955
1574 956
1575 956
1576 957
1577 957
1578 958
1579 958
1580 959
1581 959
1582 960
1583 960
1584 961
1585 961
1586 962
1587 962
1588 963
1589 963
1590 964
1591 964
1592 965
1593 966
1594 966
1595 967
1596 968
1597 969
1598 969
1599 970
1600 970
1601 971
1602 971
1603 972
1604 972
1605 973
1606 973
1607 974
1608 974
1609 975
1610 976
1611 976
1612 977
1613 977
1614 978
1615 978
1616 979
1617 979
1618 980
1619 981
1620 981
1621 982
1622 982
1623 983
1624 983
1625 984
1626 984
1627 985
1628 985
1629 986
1630 986
1631 987
1632 987
1633 988
1634 988
1635 989
1636 989
1637 990
1638 990
1639 991
1640 991
1641 992
1642 992
1643 993
1644 993
1645 994
1646 994
1647 995
1648 996
1649 996
1650 997
1651 997
1652 998
1653 998
1654 999
1655 999
1656 1000
1657 1000
1658 1001
1659 1001
1660 1002
1661 1002
1662 1003
1663 1003
1664 1004
1665 1004
1666 1005
1667 1005
1668 1006
1669 1006
1670 1007
1671 1007
1672 1008
1673 1008
1674 1009
1675 1009
1676 1010
1677 1010
1678 1011
1679 1011
1680 1012
1681 1013
1682 1013
1683 1014
1684 1014
1685 1015
1686 1015
1687 1016
1688 1016
1689 1017
1690 1017
1691 1018
1692 1018
1693 1019
1694 1020
1695 1020
1696 1021
1697 1021
1698 1022
1699 1022
1700 1023
1701 1023
1702 1024
1703 1024
1704 1025
1705 1025
1706 1026
1707 1026
1708 1027
1709 1027
1710 1028
1711 1028
1712 1029
1713 1029
1714 1030
1715 1030
1716 1031
1717 1031
1718 1032
1719 1032
1720 1033
1721 1033
1722 1034
1723 1034
1724 1035
1725 1036
1726 1036
1727 1037
1728 1037
1729 1038
1730 1038
1731 1039
1732 1039
1733 1040
1734 1040
1735 1041
1736 1041
1737 1042
1738 1042
1739 1043
1740 1043
1741 1044
1742 1044
1743 1045
1744 1046
1745 1046
1746 1047
1747 1047
1748 1048
1749 1048
1750 1049
1751 1049
1752 1050
1753 1050
1754 1051
1755 1051
1756 1052
1757 1052
1758 1053
1759 1053
1760 1054
1761 1054
1762 1055
1763 1055
1764 1056
1765 1056
1766 1057
1767 1057
1768 1058
1769 1059
1770 1059
1771 1060
1772 1060
1773 1061
1774 1061
1775 1062
1776 1062
1777 1063
1778 1063
1779 1064
1780 1064
1781 1065
1782 1065
1783 1066
1784 1066
1785 1067
1786 1067
1787 1068
1788 1068
1789 1069
1790 1069
1791 1070
1792 1070
1793 1071
1794 1072
1795 1072
1796 1073
1797 1074
1798 1074
1799 1075
1800 1075
1801 1076
1802 1076
1803 1077
1804 1077
1805 1078
1806 1078
1807 1079
1808 1080
1809 1080
1810 1081
1811 1081
1812 1082
1813 1082
1814 1083
1815 1083
1816 1084
1817 1084
1818 1085
1819 1085
1820 1086
1821 1086
1822 1087
1823 1087
1824 1088
1825 1088
1826 1089
1827 1089
1828 1090
1829 1090
1830 1091
1831 1091
1832 1092
1833 1093
1834 1093
1835 1094
1836 1094
1837 1095
1838 1095
1839 1096
1840 1096
1841 1097
1842 1097
1843 1098
1844 1098
1845 1099
1846 1099
1847 1100
1848 1100
1849 1101
1850 1102
1851 1103
1852 1104
1853 1106
1854 1107
1855 1108
1856 1109
1857 1109
1858 1109
1859 1110
1860 1110
1861 1110
1862 1111
1863 1112
1864 1113
1865 1113
1866 1113
1867 1114
1868 1115
1869 1116
1870 1116
1871 1117
1872 1118
1873 1118
1874 1118
1875 1119
1876 1120
1877 1121
1878 1122
1879 1123
1880 1125
1881 1126
1882 1126
1883 1126
1884 1127
1885 1128
1886 1129
1887 1130
1888 1131
1889 1132
1890 1133
1891 1133
1892 1133
1893 1134
1894 1135
1895 1136
1896 1136
1897 1137
1898 1138
1899 1138
1900 1138
1901 1139
1902 1140
1903 1141
1904 1141
1905 1142
1906 1143
1907 1143
1908 1143
1909 1144
1910 1145
1911 1145
1912 1145
1913 1146
1914 1147
1915 1147
1916 1147
1917 1148
1918 1149
1919 1150
1920 1150
1921 1150
1922 1151
1923 1152
1924 1152
1925 1152
1926 1153
1927 1154
1928 1155
1929 1156
1930 1158
1931 1159
1932 1159
1933 1159
1934 1160
1935 1161
1936 1162
1937 1163
1938 1164
1939 1165
1940 1166
1941 1167
1942 1167
1943 1168
1944 1169
1945 1170
1946 1171
1947 1171
1948 1171
1949 1172
1950 1173
1951 1174
1952 1174
1953 1174
1954 1175
1955 1175
1956 1175
1957 1176
1958 1177
1959 1178
1960 1179
1961 1180
1962 1181
1963 1182
1964 1183
1965 1184
1966 1184
1967 1185
1968 1186
1969 1186
1970 1186
1971 1187
1972 1188
1973 1189
1974 1189
1975 1189
1976 1191
1977 1192
1978 1193
1979 1194
1980 1195
1981 1196
1982 1196
1983 1196
1984 1197
1985 1198
1986 1200
1987 1202
1988 1202
1989 1202
1990 1203
1991 1204
1992 1204
1993 1204
1994 1205
1995 1206
1996 1207
1997 1208
1998 1209
1999 1210
2000 1211
2001 1211
2002 1211
2003 1212
2004 1213
2005 1215
2006 1216
2007 1217
2008 1218
2009 1219
2010 1220
2011 1221
2012 1222
2013 1222
2014 1222
2015 1223
2016 1223
2017 1223
2018 1224
2019 1225
2020 1226
2021 1227
2022 1228
2023 1229
2024 1230
2025 1231
2026 1231
2027 1232
2028 1233
2029 1233
2030 1234
2031 1235
2032 1236
2033 1236
2034 1237
2035 1237
2036 1237
2037 1238
2038 1239
2039 1240
2040 1240
2041 1240
2042 1241
2043 1241
2044 1241
2045 1242
2046 1243
2047 1244
2048 1245
2049 1245
2050 1245
2051 1246
2052 1246
2053 1247
2054 1248
2055 1249
2056 1249
2057 1249
2058 1250
2059 1251
2060 1251
2061 1251
2062 1252
2063 1253
2064 1254
2065 1255
2066 1256
2067 1258
2068 1259
2069 1259
2070 1259
2071 1260
2072 1260
2073 1260
2074 1261
2075 1262
2076 1263
2077 1264
2078 1265
2079 1266
2080 1268
2081 1269
2082 1269
2083 1269
2084 1270
2085 1271
2086 1271
2087 1271
2088 1272
2089 1274
2090 1275
2091 1276
2092 1277
2093 1278
2094 1278
2095 1278
2096 1279
2097 1281
2098 1282
2099 1283
2100 1284
2101 1285
2102 1286
2103 1286
2104 1286
2105 1287
2106 1288
2107 1288
2108 1288
2109 1289
2110 1290
2111 1291
2112 1292
2113 1293
2114 1294
2115 1295
2116 1295
2117 1295
2118 1296
2119 1297
2120 1299
2121 1300
2122 1301
2123 1302
2124 1303
2125 1304
2126 1305
2127 1305
2128 1305
2129 1306
2130 1306
2131 1306
2132 1307
2133 1308
2134 1309
2135 1310
2136 1311
2137 1312
2138 1313
2139 1314
2140 1314
2141 1315
2142 1316
2143 1316
2144 1317
2145 1318
2146 1319
2147 1319
2148 1320
2149 1320
2150 1320
2151 1321
2152 1322
2153 1323
2154 1323
2155 1323
2156 1324
2157 1325
2158 1325
2159 1325
2160 1326
2161 1327
2162 1328
2163 1328
2164 1328
2165 1329
2166 1329
2167 1330
2168 1331
2169 1332
2170 1332
2171 1332
2172 1333
2173 1334
2174 1334
2175 1334
2176 1335
2177 1336
2178 1337
2179 1339
2180 1340
2181 1341
2182 1342
2183 1342
2184 1342
2185 1343
2186 1343
2187 1343
2188 1344
2189 1345
2190 1346
2191 1347
2192 1348
2193 1349
2194 1350
2195 1350
2196 1350
2197 1351
2198 1352
2199 1352
2200 1352
2201 1353
2202 1354
2203 1355
2204 1355
2205 1355
2206 1357
2207 1358
2208 1359
2209 1360
2210 1361
2211 1363
2212 1364
2213 1365
2214 1366
2215 1367
2216 1367
2217 1367
2218 1368
2219 1369
2220 1369
2221 1369
2222 1370
2223 1371
2224 1372
2225 1373
2226 1374
2227 1375
2228 1376
2229 1377
2230 1377
2231 1377
2232 1378
2233 1378
2234 1378
2235 1379
2236 1380
2237 1381
2238 1382
2239 1383
2240 1384
2241 1385
2242 1385
2243 1385
2244 1386
2245 1387
2246 1388
2247 1389
2248 1390
2249 1391
2250 1392
2251 1393
2252 1393
2253 1394
2254 1395
2255 1395
2256 1396
2257 1397
2258 1398
2259 1398
2260 1399
2261 1399
2262 1399
2263 1400
2264 1401
2265 1402
2266 1402
2267 1402
2268 1403
2269 1404
2270 1405
2271 1406
2272 1407
2273 1408
2274 1409
2275 1409
2276 1409
2277 1410
2278 1411
2279 1412
2280 1412
2281 1412
2282 1413
2283 1414
2284 1415
2285 1415
2286 1416
2287 1416
2288 1416
2289 1417
2290 1418
2291 1419
2292 1419
2293 1419
2294 1420
2295 1421
2296 1421
2297 1421
2298 1422
2299 1423
2300 1424
2301 1425
2302 1426
2303 1426
2304 1426
2305 1427
2306 1428
2307 1428
2308 1428
2309 1429
2310 1430
2311 1431
2312 1433
2313 1434
2314 1436
2315 1437
2316 1437
2317 1437
2318 1438
2319 1439
2320 1439
2321 1439
2322 1440
2323 1441
2324 1443
2325 1444
2326 1445
2327 1446
2328 1447
2329 1448
2330 1449
2331 1450
2332 1451
2333 1451
2334 1451
2335 1452
2336 1453
2337 1454
2338 1454
2339 1455
2340 1455
2341 1455
2342 1456
2343 1457
2344 1458
2345 1458
2346 1458
2347 1459
2348 1460
2349 1461
2350 1461
2351 1461
2352 1462
2353 1463
2354 1463
2355 1463
2356 1464
2357 1465
2358 1466
2359 1467
2360 1468
2361 1468
2362 1468
2363 1469
2364 1470
2365 1470
2366 1470
2367 1471
2368 1472
2369 1473
2370 1474
2371 1477
2372 1478
2373 1479
2374 1479
2375 1479
2376 1480
2377 1481
2378 1481
2379 1481
2380 1482
2381 1483
2382 1485
2383 1486
2384 1487
2385 1489
2386 1490
2387 1491
2388 1492
2389 1493
2390 1493
2391 1493
2392 1494
2393 1495
2394 1495
2395 1495
2396 1496
2397 1497
2398 1499
2399 1500
2400 1501
2401 1502
2402 1503
2403 1503
2404 1503
2405 1504
2406 1505
2407 1505
2408 1505
2409 1506
2410 1507
2411 1508
2412 1509
2413 1510
2414 1511
2415 1512
2416 1512
2417 1512
2418 1514
2419 1515
2420 1516
2421 1516
2422 1516
2423 1517
2424 1518
2425 1518
2426 1519
2427 1520
2428 1521
2429 1521
2430 1521
2431 1522
2432 1523
2433 1523
2434 1524
2435 1524
2436 1524
2437 1525
2438 1526
2439 1527
2440 1527
2441 1527
2442 1528
2443 1529
2444 1530
2445 1531
2446 1532
2447 1534
2448 1535
2449 1535
2450 1535
2451 1536
2452 1537
2453 1538
2454 1538
2455 1539
2456 1539
2457 1539
2458 1540
2459 1541
2460 1542
2461 1542
2462 1542
2463 1543
2464 1544
2465 1544
2466 1544
2467 1545
2468 1546
2469 1547
2470 1548
2471 1550
2472 1551
2473 1551
2474 1551
2475 1552
2476 1553
2477 1554
2478 1555
2479 1555
2480 1555
2481 1556
2482 1556
2483 1556
2484 1557
2485 1558
2486 1559
2487 1559
2488 1559
2489 1560
2490 1561
2491 1561
2492 1561
2493 1562
2494 1563
2495 1564
2496 1565
2497 1566
2498 1568
2499 1569
2500 1569
2501 1569
2502 1570
2503 1572
2504 1574
2505 1575
2506 1576
2507 1577
2508 1577
2509 1577
2510 1578
2511 1578
2512 1578
2513 1580
2514 1581
2515 1582
2516 1583
2517 1584
2518 1585
2519 1585
2520 1586
2521 1587
2522 1587
2523 1587
2524 1588
2525 1590
2526 1591
2527 1592
2528 1593
2529 1594
2530 1594
2531 1594
2532 1595
2533 1596
2534 1598
2535 1599
2536 1600
2537 1601
2538 1602
2539 1603
2540 1603
2541 1603
2542 1604
2543 1605
2544 1605
2545 1605
2546 1606
2547 1607
2548 1607
2549 1607
2550 1608
2551 1609
2552 1610
2553 1611
2554 1612
2555 1613
2556 1614
2557 1615
2558 1616
2559 1617
2560 1618
2561 1619
2562 1620
2563 1620
2564 1620
2565 1621
2566 1621
2567 1621
2568 1622
2569 1623
2570 1624
2571 1625
2572 1626
2573 1627
2574 1628
2575 1629
2576 1629
2577 1630
2578 1631
2579 1631
2580 1632
2581 1633
2582 1634
2583 1634
2584 1635
2585 1635
2586 1635
2587 1636
2588 1637
2589 1638
2590 1638
2591 1638
2592 1639
2593 1640
2594 1641
2595 1642
2596 1643
2597 1644
2598 1645
2599 1645
2600 1645
2601 1646
2602 1647
2603 1648
2604 1648
2605 1648
2606 1649
2607 1651
2608 1651
2609 1652
2610 1652
2611 1652
2612 1653
2613 1654
2614 1655
2615 1655
2616 1655
2617 1656
2618 1657
2619 1657
2620 1657
2621 1658
2622 1659
2623 1660
2624 1661
2625 1662
2626 1662
2627 1662
2628 1663
2629 1664
2630 1664
2631 1664
2632 1665
2633 1666
2634 1667
2635 1670
2636 1672
2637 1673
2638 1673
2639 1673
2640 1674
2641 1675
2642 1675
2643 1675
2644 1676
2645 1677
2646 1679
2647 1680
2648 1681
2649 1682
2650 1683
2651 1684
2652 1685
2653 1686
2654 1687
2655 1687
2656 1687
2657 1689
2658 1690
2659 1690
2660 1691
2661 1691
2662 1691
2663 1692
2664 1693
2665 1694
2666 1694
2667 1694
2668 1695
2669 1696
2670 1697
2671 1697
2672 1697
2673 1698
2674 1699
2675 1699
2676 1699
2677 1700
2678 1700
2679 1700
2680 1701
2681 1702
2682 1703
2683 1704
2684 1705
2685 1706
2686 1706
2687 1706
2688 1707
2689 1708
2690 1708
2691 1708
2692 1709
2693 1710
2694 1711
2695 1712
2696 1715
2697 1716
2698 1717
2699 1717
2700 1717
2701 1718
2702 1719
2703 1719
2704 1719
2705 1720
2706 1721
2707 1723
2708 1724
2709 1725
2710 1725
2711 1725
2712 1726
2713 1727
2714 1728
2715 1728
2716 1728
2717 1729
2718 1730
2719 1731
2720 1733
2721 1734
2722 1735
2723 1736
2724 1736
2725 1736
2726 1737
2727 1737
2728 1737
2729 1738
2730 1739
2731 1740
2732 1740
2733 1740
2734 1741
2735 1741
2736 1742
2737 1743
2738 1744
2739 1745
2740 1745
2741 1745
2742 1746
2743 1747
2744 1748
2745 1749
2746 1750
2747 1752
2748 1753
2749 1753
2750 1753
2751 1754
2752 1755
2753 1756
2754 1757
2755 1758
2756 1759
2757 1760
2758 1760
2759 1760
2760 1761
2761 1762
2762 1762
2763 1762
2764 1763
2765 1764
2766 1765
2767 1765
2768 1766
2769 1766
2770 1766
2771 1767
2772 1768
2773 1769
2774 1770
2775 1770
2776 1770
2777 1771
2778 1772
2779 1772
2780 1773
2781 1773
2782 1773
2783 1774
2784 1776
2785 1776
2786 1776
2787 1777
2788 1778
2789 1779
2790 1780
2791 1781
2792 1783
2793 1784
2794 1785
2795 1786
2796 1787
2797 1789
2798 1789
2799 1789
2800 1790
2801 1791
2802 1792
2803 1792
2804 1793
2805 1794
2806 1794
2807 1794
2808 1795
2809 1796
2810 1797
2811 1798
2812 1798
2813 1800
2814 1801
2815 1802
2816 1803
2817 1804
2818 1805
2819 1805
2820 1805
2821 1806
2822 1807
2823 1808
2824 1808
2825 1810
2826 1811
2827 1811
2828 1812
2829 1812
2830 1812
2831 1813
2832 1814
2833 1815
2834 1815
2835 1815
2836 1816
2837 1817
2838 1817
2839 1817
2840 1818
2841 1819
2842 1820
2843 1821
2844 1822
2845 1822
2846 1822
2847 1823
2848 1824
2849 1827
2850 1828
2851 1828
2852 1828
2853 1829
2854 1830
2855 1830
2856 1830
2857 1831
2858 1832
2859 1834
2860 1835
2861 1836
2862 1838
2863 1839
2864 1841
2865 1842
2866 1842
2867 1842
2868 1843
2869 1844
2870 1844
2871 1845
2872 1846
2873 1849
2874 1850
2875 1850
2876 1851
2877 1852
2878 1852
2879 1853
2880 1853
2881 1854
2882 1854
2883 1855
2884 1855
2885 1856
2886 1856
2887 1857
2888 1857
2889 1858
2890 1858
2891 1859
2892 1859
2893 1860
2894 1860
2895 1861
2896 1861
2897 1862
2898 1862
2899 1863
2900 1863
2901 1864
2902 1865
2903 1866
2904 1866
2905 1867
2906 1867
2907 1868
2908 1868
2909 1869
2910 1869
2911 1870
2912 1871
2913 1871
2914 1872
2915 1872
2916 1873
2917 1873
2918 1874
2919 1875
2920 1875
2921 1876
2922 1876
2923 1877
2924 1878
2925 1878
2926 1879
2927 1879
2928 1880
2929 1880
2930 1881
2931 1881
2932 1882
2933 1882
2934 1883
2935 1883
2936 1884
2937 1885
2938 1885
2939 1886
2940 1886
2941 1887
2942 1887
2943 1888
2944 1888
2945 1889
2946 1889
2947 1890
2948 1890
2949 1891
2950 1891
2951 1892
2952 1892
2953 1893
2954 1893
2955 1894
2956 1894
2957 1895
2958 1895
2959 1896
2960 1896
2961 1897
2962 1897
2963 1898
2964 1898
2965 1899
2966 1899
2967 1900
2968 1900
2969 1901
2970 1901
2971 1902
2972 1902
2973 1903
2974 1904
2975 1905
2976 1905
2977 1906
2978 1906
2979 1907
2980 1907
2981 1908
2982 1909
2983 1909
2984 1910
2985 1910
2986 1911
2987 1911
2988 1912
2989 1912
2990 1913
2991 1913
2992 1914
2993 1914
2994 1915
2995 1916
2996 1916
2997 1917
2998 1917
2999 1918
3000 1918
3001 1919
3002 1919
3003 1920
3004 1921
3005 1921
3006 1922
3007 1922
3008 1923
3009 1923
3010 1924
3011 1924
3012 1925
3013 1925
3014 1926
3015 1926
3016 1927
3017 1927
3018 1928
3019 1928
3020 1929
3021 1929
3022 1930
3023 1930
3024 1931
3025 1931
3026 1932
3027 1932
3028 1933
3029 1933
3030 1934
3031 1935
3032 1936
3033 1936
3034 1937
3035 1937
3036 1938
3037 1938
3038 1939
3039 1939
3040 1940
3041 1940
3042 1941
3043 1941
3044 1942
3045 1942
3046 1943
3047 1943
3048 1944
3049 1944
3050 1945
3051 1945
3052 1946
3053 1946
3054 1947
3055 1947
3056 1948
3057 1948
3058 1949
3059 1949
3060 1950
3061 1950
3062 1951
3063 1951
3064 1952
3065 1952
3066 1953
3067 1954
3068 1954
3069 1955
3070 1955
3071 1956
3072 1956
3073 1957
3074 1957
3075 1958
3076 1958
3077 1959
3078 1959
3079 1960
3080 1961
3081 1961
3082 1962
3083 1962
3084 1963
3085 1963
3086 1964
3087 1964
3088 1965
3089 1965
3090 1966
3091 1966
3092 1967
3093 1967
3094 1968
3095 1968
3096 1969
3097 1969
3098 1970
3099 1971
3100 1971
3101 1972
3102 1972
3103 1973
3104 1973
3105 1974
3106 1974
3107 1975
3108 1976
3109 1976
3110 1977
3111 1977
3112 1978
3113 1978
3114 1979
3115 1979
3116 1980
3117 1981
3118 1981
3119 1982
3120 1982
3121 1983
3122 1983
3123 1984
3124 1984
3125 1985
3126 1985
3127 1986
3128 1986
3129 1987
3130 1987
3131 1988
3132 1988
3133 1989
3134 1989
3135 1990
3136 1990
3137 1991
3138 1991
3139 1992
3140 1992
3141 1993
3142 1994
3143 1994
3144 1995
3145 1995
3146 1996
3147 1996
3148 1997
3149 1997
3150 1998
3151 1999
3152 2000
3153 2000
3154 2001
3155 2001
3156 2002
3157 2002
3158 2003
3159 2003
3160 2004
3161 2004
3162 2005
3163 2005
3164 2006
3165 2007
3166 2007
3167 2008
3168 2009
3169 2009
3170 2010
3171 2010
3172 2011
3173 2011
3174 2012
3175 2012
3176 2013
3177 2013
3178 2014
3179 2014
3180 2015
3181 2015
3182 2016
3183 2016
3184 2017
3185 2017
3186 2018
3187 2018
3188 2019
3189 2019
3190 2020
3191 2020
3192 2021
3193 2023
3194 2023
3195 2024
3196 2024
3197 2025
3198 2025
3199 2026
3200 2026
3201 2027
3202 2027
3203 2028
3204 2028
3205 2029
3206 2029
3207 2030
3208 2030
3209 2031
3210 2031
3211 2032
3212 2033
3213 2033
3214 2034
3215 2034
3216 2035
3217 2035
3218 2036
3219 2036
3220 2037
3221 2037
3222 2038
3223 2039
3224 2039
3225 2040
3226 2041
3227 2042
3228 2042
3229 2043
3230 2043
3231 2044
3232 2044
3233 2045
3234 2045
3235 2046
3236 2046
3237 2047
3238 2047
3239 2048
3240 2049
3241 2049
3242 2050
3243 2050
3244 2051
3245 2051
3246 2052
3247 2052
3248 2053
3249 2053
3250 2054
3251 2054
3252 2055
3253 2055
3254 2056
3255 2057
3256 2058
3257 2058
3258 2059
3259 2059
3260 2060
3261 2060
3262 2061
3263 2062
3264 2062
3265 2063
3266 2063
3267 2064
3268 2064
3269 2065
3270 2065
3271 2066
3272 2066
3273 2067
3274 2068
3275 2068
3276 2069
3277 2069
3278 2070
3279 2070
3280 2071
3281 2071
3282 2072
3283 2072
3284 2073
3285 2073
3286 2074
3287 2074
3288 2075
3289 2075
3290 2076
3291 2077
3292 2077
3293 2078
3294 2078
3295 2079
3296 2079
3297 2080
3298 2080
3299 2081
3300 2081
3301 2082
3302 2082
3303 2083
3304 2083
3305 2084
3306 2084
3307 2085
3308 2085
3309 2086
3310 2086
3311 2087
3312 2087
3313 2088
3314 2088
3315 2089
3316 2090
3317 2090
3318 2091
3319 2091
3320 2092
3321 2092
3322 2093
3323 2093
3324 2094
3325 2094
3326 2095
3327 2095
3328 2096
3329 2096
3330 2097
3331 2097
3332 2098
3333 2098
3334 2099
3335 2099
3336 2100
3337 2102
3338 2102
3339 2103
3340 2103
3341 2104
3342 2104
3343 2105
3344 2105
3345 2106
3346 2106
3347 2107
3348 2107
3349 2108
3350 2108
3351 2109
3352 2109
3353 2110
3354 2110
3355 2111
3356 2111
3357 2112
3358 2112
3359 2113
3360 2113
3361 2114
3362 2115
3363 2115
3364 2116
3365 2116
3366 2117
3367 2117
3368 2118
3369 2118
3370 2119
3371 2119
3372 2120
3373 2121
3374 2121
3375 2122
3376 2123
3377 2123
3378 2124
3379 2124
3380 2125
3381 2125
3382 2126
3383 2126
3384 2127
3385 2127
3386 2128
3387 2128
3388 2129
3389 2129
3390 2130
3391 2130
3392 2131
3393 2131
3394 2132
3395 2132
3396 2133
3397 2133
3398 2134
3399 2134
3400 2135
3401 2136
3402 2136
3403 2137
3404 2137
3405 2138
3406 2138
3407 2139
3408 2139
3409 2140
3410 2140
3411 2141
3412 2141
3413 2142
3414 2142
3415 2143
3416 2143
3417 2144
3418 2145
3419 2145
3420 2146
3421 2147
3422 2147
3423 2148
3424 2148
3425 2149
3426 2149
3427 2150
3428 2150
3429 2151
3430 2151
3431 2152
3432 2152
3433 2153
3434 2153
3435 2154
3436 2154
3437 2155
3438 2156
3439 2156
3440 2157
3441 2157
3442 2158
3443 2158
3444 2159
3445 2159
3446 2160
3447 2160
3448 2161
3449 2161
3450 2162
3451 2162
3452 2163
3453 2164
3454 2164
3455 2165
3456 2165
3457 2166
3458 2166
3459 2167
3460 2167
3461 2168
3462 2168
3463 2169
3464 2169
3465 2170
3466 2170
3467 2171
3468 2172
3469 2172
3470 2173
3471 2173
3472 2174
3473 2175
3474 2176
3475 2176
3476 2177
3477 2177
3478 2178
3479 2178
3480 2179
3481 2179
3482 2180
3483 2180
3484 2181
3485 2182
3486 2182
3487 2183
3488 2183
3489 2184
3490 2184
3491 2185
3492 2185
3493 2186
3494 2186
3495 2187
3496 2187
3497 2188
3498 2188
3499 2189
3500 2189
3501 2190
3502 2191
3503 2191
3504 2192
3505 2192
3506 2193
3507 2193
3508 2194
3509 2194
3510 2195
3511 2195
3512 2196
3513 2196
3514 2197
3515 2197
3516 2198
3517 2198
3518 2199
3519 2199
3520 2200
3521 2200
3522 2201
3523 2201
3524 2202
3525 2202
3526 2203
3527 2203
3528 2204
3529 2204
3530 2205
3531 2205
3532 2206
3533 2206
3534 2207
3535 2208
3536 2208
3537 2209
3538 2209
3539 2210
3540 2210
3541 2211
3542 2211
3543 2212
3544 2212
3545 2214
3546 2215
3547 2215
3548 2216
3549 2216
3550 2217
3551 2217
3552 2218
3553 2218
3554 2219
3555 2219
3556 2220
3557 2220
3558 2221
3559 2221
3560 2222
3561 2222
3562 2223
3563 2223
3564 2224
3565 2225
3566 2225
3567 2226
3568 2226
3569 2227
3570 2227
3571 2228
3572 2228
3573 2229
3574 2229
3575 2230
3576 2230
3577 2231
3578 2231
3579 2232
3580 2232
3581 2233
3582 2233
3583 2234
3584 2234
3585 2235
3586 2235
3587 2236
3588 2236
3589 2237
3590 2238
3591 2238
3592 2239
3593 2240
3594 2240
3595 2241
3596 2241
3597 2242
3598 2242
3599 2243
3600 2243
3601 2244
3602 2244
3603 2245
3604 2246
3605 2246
3606 2247
3607 2247
3608 2248
3609 2248
3610 2249
3611 2249
3612 2250
3613 2250
3614 2251
3615 2251
3616 2252
3617 2252
3618 2253
3619 2254
3620 2254
3621 2255
3622 2255
3623 2256
3624 2256
3625 2257
3626 2257
3627 2258
3628 2259
3629 2259
3630 2260
3631 2260
3632 2261
3633 2261
3634 2262
3635 2262
3636 2263
3637 2263
3638 2264
3639 2264
3640 2265
3641 2265
3642 2266
3643 2266
3644 2267
3645 2268
3646 2268
3647 2269
3648 2270
3649 2270
3650 2271
3651 2271
3652 2272
3653 2272
3654 2273
3655 2273
3656 2274
3657 2274
3658 2275
3659 2275
3660 2276
3661 2276
3662 2277
3663 2277
3664 2278
3665 2278
3666 2279
3667 2279
3668 2280
3669 2280
3670 2281
3671 2281
3672 2282
3673 2282
3674 2283
3675 2283
3676 2284
3677 2284
3678 2285
3679 2285
3680 2286
3681 2287
3682 2287
3683 2288
3684 2288
3685 2289
3686 2289
3687 2290
3688 2290
3689 2291
3690 2291
3691 2292
3692 2292
3693 2293
3694 2294
3695 2294
3696 2295
3697 2296
3698 2296
3699 2297
3700 2298
3701 2298
3702 2299
3703 2299
3704 2300
3705 2300
3706 2301
3707 2301
3708 2302
3709 2302
3710 2303
3711 2303
3712 2304
3713 2304
3714 2305
3715 2306
3716 2307
3717 2307
3718 2308
3719 2308
3720 2309
3721 2309
3722 2310
3723 2311
3724 2311
3725 2312
3726 2312
3727 2313
3728 2313
3729 2314
3730 2314
3731 2315
3732 2315
3733 2316
3734 2316
3735 2317
3736 2317
3737 2318
3738 2318
3739 2319
3740 2319
3741 2320
3742 2320
3743 2321
3744 2321
3745 2322
3746 2323
3747 2323
3748 2324
3749 2324
3750 2325
3751 2325
3752 2326
3753 2327
3754 2327
3755 2328
3756 2328
3757 2329
3758 2329
3759 2330
3760 2330
3761 2331
3762 2331
3763 2332
3764 2332
3765 2333
3766 2333
3767 2334
3768 2334
3769 2335
3770 2335
3771 2336
3772 2336
3773 2337
3774 2337
3775 2338
3776 2338
3777 2339
3778 2340
3779 2340
3780 2341
3781 2341
3782 2342
3783 2342
3784 2343
3785 2343
3786 2344
3787 2344
3788 2345
3789 2345
3790 2346
3791 2346
3792 2347
3793 2347
3794 2348
3795 2348
3796 2349
3797 2350
3798 2350
3799 2351
3800 2352
3801 2352
3802 2353
3803 2353
3804 2354
3805 2354
3806 2355
3807 2356
3808 2356
3809 2357
3810 2357
3811 2358
3812 2358
3813 2359
3814 2359
3815 2360
3816 2360
3817 2361
3818 2361
3819 2362
3820 2362
3821 2363
3822 2364
3823 2365
3824 2365
3825 2366
3826 2366
3827 2367
3828 2367
3829 2368
3830 2368
3831 2369
3832 2370
3833 2370
3834 2371
3835 2371
3836 2372
3837 2372
3838 2373
3839 2373
3840 2374
3841 2374
3842 2375
3843 2375
3844 2376
3845 2376
3846 2377
3847 2377
3848 2378
3849 2378
3850 2379
3851 2379
3852 2380
3853 2380
3854 2381
3855 2382
3856 2382
3857 2383
3858 2383
3859 2384
3860 2384
3861 2385
3862 2386
3863 2387
3864 2387
3865 2388
3866 2388
3867 2389
3868 2389
3869 2390
3870 2390
3871 2391
3872 2391
3873 2392
3874 2392
3875 2393
3876 2394
3877 2394
3878 2395
3879 2395
3880 2396
3881 2396
3882 2397
3883 2397
3884 2398
3885 2398
3886 2399
3887 2399
3888 2400
3889 2400
3890 2401
3891 2401
3892 2402
3893 2402
3894 2403
3895 2403
3896 2404
3897 2405
3898 2405
3899 2406
3900 2406
3901 2407
3902 2407
3903 2408
3904 2408
3905 2409
3906 2409
3907 2410
3908 2411
3909 2412
3910 2412
3911 2413
3912 2413
3913 2414
3914 2414
3915 2415
3916 2415
3917 2416
3918 2416
3919 2417
3920 2417
3921 2418
3922 2418
3923 2419
3924 2419
3925 2420
3926 2420
3927 2421
3928 2421
3929 2422
3930 2422
3931 2423
3932 2423
3933 2424
3934 2424
3935 2425
3936 2425
3937 2426
3938 2426
3939 2427
3940 2427
3941 2428
3942 2429
3943 2429
3944 2430
3945 2430
3946 2431
3947 2431
3948 2432
3949 2432
3950 2433
3951 2434
3952 2434
3953 2435
3954 2435
3955 2436
3956 2437
3957 2437
3958 2438
3959 2438
3960 2439
3961 2439
3962 2440
3963 2440
3964 2441
3965 2441
3966 2442
3967 2442
3968 2443
3969 2443
3970 2444
3971 2444
3972 2445
3973 2445
3974 2446
3975 2446
3976 2447
3977 2447
3978 2448
3979 2448
3980 2449
3981 2449
3982 2450
3983 2450
3984 2451
3985 2451
3986 2452
3987 2452
3988 2453
3989 2454
3990 2454
3991 2455
3992 2455
3993 2456
3994 2457
3995 2457
3996 2458
3997 2458
3998 2459
3999 2459
4000 2460
4001 2460
4002 2461
4003 2462
4004 2462
4005 2463
4006 2463
4007 2464
4008 2464
4009 2465
4010 2465
4011 2466
4012 2466
4013 2467
4014 2467
4015 2468
4016 2468
4017 2469
4018 2469
4019 2470
4020 2470
4021 2471
4022 2471
4023 2472
4024 2473
4025 2473
4026 2474
4027 2474
4028 2475
4029 2475
4030 2476
4031 2476
4032 2477
4033 2477
4034 2478
4035 2479
4036 2479
4037 2480
4038 2480
4039 2481
4040 2481
4041 2482
4042 2482
4043 2483
4044 2484
4045 2484
4046 2485
4047 2485
4048 2486
4049 2486
4050 2487
4051 2488
4052 2489
4053 2489
4054 2490
4055 2490
4056 2491
4057 2491
4058 2492
4059 2493
4060 2493
4061 2494
4062 2494
4063 2495
4064 2495
4065 2496
4066 2496
4067 2497
4068 2497
4069 2498
4070 2498
4071 2499
4072 2499
4073 2500
4074 2500
4075 2501
4076 2501
4077 2502
4078 2502
4079 2503
4080 2503
4081 2504
4082 2504
4083 2505
4084 2505
4085 2506
4086 2506
4087 2507
4088 2507
4089 2508
4090 2508
4091 2509
4092 2509
4093 2510
4094 2510
4095 2511
4096 2511
4097 2512
4098 2512
4099 2513
4100 2514
4101 2515
4102 2515
4103 2516
4104 2516
4105 2517
4106 2517
4107 2518
4108 2518
4109 2519
4110 2519
4111 2520
4112 2520
4113 2521
4114 2521
4115 2522
4116 2522
4117 2523
4118 2523
4119 2524
4120 2524
4121 2525
4122 2526
4123 2526
4124 2527
4125 2527
4126 2528
4127 2528
4128 2529
4129 2529
4130 2530
4131 2530
4132 2531
4133 2531
4134 2532
4135 2532
4136 2533
4137 2533
4138 2534
4139 2534
4140 2535
4141 2535
4142 2536
4143 2536
4144 2537
4145 2537
4146 2538
4147 2539
4148 2539
4149 2540
4150 2540
4151 2541
4152 2541
4153 2542
4154 2542
4155 2543
4156 2543
4157 2544
4158 2544
4159 2545
4160 2546
4161 2546
4162 2547
4163 2547
4164 2548
4165 2548
4166 2549
4167 2549
4168 2550
4169 2550
4170 2551
4171 2551
4172 2552
4173 2552
4174 2553
4175 2553
4176 2554
4177 2554
4178 2555
4179 2556
4180 2557
4181 2557
4182 2558
4183 2559
4184 2559
4185 2560
4186 2560
4187 2561
4188 2561
4189 2562
4190 2562
4191 2563
4192 2563
4193 2564
4194 2564
4195 2565
4196 2565
4197 2566
4198 2566
4199 2567
4200 2567
4201 2568
4202 2568
4203 2569
4204 2569
4205 2570
4206 2570
4207 2571
4208 2572
4209 2572
4210 2573
4211 2573
4212 2574
4213 2574
4214 2575
4215 2575
4216 2576
4217 2576
4218 2577
4219 2577
4220 2578
4221 2578
4222 2579
4223 2579
4224 2580
4225 2580
4226 2581
4227 2581
4228 2582
4229 2583
4230 2583
4231 2584
4232 2584
4233 2585
4234 2585
4235 2586
4236 2586
4237 2587
4238 2587
4239 2588
4240 2588
4241 2589
4242 2589
4243 2590
4244 2590
4245 2591
4246 2592
4247 2592
4248 2593
4249 2594
4250 2594
4251 2595
4252 2595
4253 2596
4254 2596
4255 2597
4256 2597
4257 2598
4258 2598
4259 2599
4260 2599
4261 2600
4262 2600
4263 2601
4264 2601
4265 2602
4266 2602
4267 2603
4268 2603
4269 2604
4270 2604
4271 2605
4272 2605
4273 2606
4274 2606
4275 2607
4276 2607
4277 2608
4278 2608
4279 2609
4280 2610
4281 2610
4282 2611
4283 2611
4284 2612
4285 2612
4286 2613
4287 2613
4288 2614
4289 2614
4290 2615
4291 2615
4292 2616
4293 2617
4294 2617
4295 2618
4296 2619
4297 2619
4298 2620
4299 2621
4300 2621
4301 2622
4302 2622
4303 2623
4304 2623
4305 2624
4306 2624
4307 2625
4308 2625
4309 2626
4310 2626
4311 2627
4312 2627
4313 2628
4314 2628
4315 2629
4316 2629
4317 2630
4318 2630
4319 2631
4320 2631
4321 2632
4322 2632
4323 2633
4324 2634
4325 2634
4326 2635
4327 2635
4328 2636
4329 2636
4330 2637
4331 2637
4332 2638
4333 2638
4334 2639
4335 2639
4336 2640
4337 2640
4338 2641
4339 2641
4340 2642
4341 2642
4342 2643
4343 2643
4344 2644
4345 2645
4346 2645
4347 2646
4348 2646
4349 2647
4350 2647
4351 2648
4352 2649
4353 2649
4354 2650
4355 2650
4356 2651
4357 2651
4358 2652
4359 2652
4360 2653
4361 2653
4362 2654
4363 2654
4364 2655
4365 2655
4366 2656
4367 2656
4368 2657
4369 2657
4370 2658
4371 2658
4372 2659
4373 2659
4374 2660
4375 2661
4376 2661
4377 2662
4378 2662
4379 2663
4380 2663
4381 2664
4382 2664
4383 2665
4384 2665
4385 2666
4386 2666
4387 2667
4388 2667
4389 2668
4390 2668
4391 2669
4392 2669
4393 2670
4394 2671
4395 2671
4396 2672
4397 2673
4398 2673
4399 2674
4400 2675
4401 2675
4402 2676
4403 2677
4404 2677
4405 2678
4406 2678
4407 2679
4408 2679
4409 2680
4410 2680
4411 2681
4412 2681
4413 2682
4414 2682
4415 2683
4416 2683
4417 2684
4418 2684
4419 2685
4420 2686
4421 2686
4422 2687
4423 2687
4424 2688
4425 2688
4426 2689
4427 2690
4428 2690
4429 2691
4430 2691
4431 2692
4432 2692
4433 2693
4434 2693
4435 2694
4436 2695
4437 2695
4438 2696
4439 2696
4440 2697
4441 2697
4442 2698
4443 2698
4444 2699
4445 2699
4446 2700
4447 2700
4448 2701
4449 2701
4450 2702
4451 2702
4452 2703
4453 2703
4454 2704
4455 2704
4456 2705
4457 2705
4458 2706
4459 2707
4460 2707
4461 2708
4462 2708
4463 2709
4464 2709
4465 2710
4466 2710
4467 2711
4468 2711
4469 2712
4470 2712
4471 2713
4472 2713
4473 2714
4474 2714
4475 2715
4476 2716
4477 2716
4478 2717
4479 2717
4480 2718
4481 2718
4482 2719
4483 2719
4484 2720
4485 2720
4486 2721
4487 2721
4488 2722
4489 2722
4490 2723
4491 2723
4492 2724
4493 2724
4494 2725
4495 2725
4496 2726
4497 2726
4498 2727
4499 2727
4500 2728
4501 2728
4502 2729
4503 2729
4504 2730
4505 2730
4506 2731
4507 2732
4508 2732
4509 2733
4510 2733
4511 2734
4512 2734
4513 2735
4514 2736
4515 2736
4516 2737
4517 2738
4518 2739
4519 2740
4520 2740
4521 2741
4522 2742
4523 2742
4524 2743
4525 2743
4526 2744
4527 2744
4528 2745
4529 2745
4530 2746
4531 2746
4532 2747
4533 2747
4534 2748
4535 2748
4536 2749
4537 2749
4538 2750
4539 2750
4540 2751
4541 2751
4542 2752
4543 2753
4544 2753
4545 2754
4546 2754
4547 2755
4548 2755
4549 2756
4550 2757
4551 2757
4552 2758
4553 2758
4554 2759
4555 2759
4556 2760
4557 2760
4558 2761
4559 2761
4560 2762
4561 2763
4562 2763
4563 2764
4564 2764
4565 2765
4566 2765
4567 2766
4568 2766
4569 2767
4570 2767
4571 2768
4572 2768
4573 2769
4574 2769
4575 2770
4576 2770
4577 2771
4578 2771
4579 2772
4580 2772
4581 2773
4582 2773
4583 2774
4584 2775
4585 2775
4586 2776
4587 2776
4588 2777
4589 2777
4590 2778
4591 2779
4592 2780
4593 2780
4594 2781
4595 2781
4596 2782
4597 2783
4598 2783
4599 2784
4600 2784
4601 2785
4602 2785
4603 2786
4604 2786
4605 2787
4606 2787
4607 2788
4608 2788
4609 2789
4610 2789
4611 2790
4612 2790
4613 2791
4614 2791
4615 2792
4616 2793
4617 2793
4618 2794
4619 2794
4620 2795
4621 2795
4622 2796
4623 2796
4624 2797
4625 2797
4626 2798
4627 2798
4628 2799
4629 2799
4630 2800
4631 2800
4632 2801
4633 2801
4634 2802
4635 2802
4636 2803
4637 2803
4638 2804
4639 2804
4640 2805
4641 2806
4642 2806
4643 2807
4644 2807
4645 2808
4646 2808
4647 2809
4648 2809
4649 2810
4650 2810
4651 2811
4652 2811
4653 2812
4654 2813
4655 2814
4656 2814
4657 2815
4658 2815
4659 2816
4660 2816
4661 2817
4662 2817
4663 2818
4664 2818
4665 2819
4666 2819
4667 2820
4668 2821
4669 2821
4670 2822
4671 2822
4672 2823
4673 2823
4674 2824
4675 2824
4676 2825
4677 2825
4678 2826
4679 2826
4680 2827
4681 2827
4682 2828
4683 2829
4684 2829
4685 2830
4686 2830
4687 2831
4688 2831
4689 2832
4690 2832
4691 2833
4692 2833
4693 2834
4694 2834
4695 2835
4696 2836
4697 2836
4698 2837
4699 2838
4700 2838
4701 2839
4702 2840
4703 2840
4704 2841
4705 2841
4706 2842
4707 2842
4708 2843
4709 2843
4710 2844
4711 2844
4712 2845
4713 2845
4714 2846
4715 2846
4716 2847
4717 2848
4718 2848
4719 2849
4720 2849
4721 2850
4722 2850
4723 2851
4724 2851
4725 2852
4726 2852
4727 2853
4728 2853
4729 2854
4730 2854
4731 2855
4732 2855
4733 2856
4734 2856
4735 2857
4736 2857
4737 2858
4738 2858
4739 2859
4740 2859
4741 2860
4742 2861
4743 2861
4744 2862
4745 2862
4746 2863
4747 2863
4748 2864
4749 2864
4750 2865
4751 2865
4752 2866
4753 2866
4754 2867
4755 2867
4756 2868
4757 2868
4758 2869
4759 2869
4760 2870
4761 2870
4762 2871
4763 2872
4764 2872
4765 2873
4766 2873
4767 2874
4768 2874
4769 2874
4770 2875
4771 2876
4772 2877
4773 2878
4774 2878
4775 2878
4776 2879
4777 2880
4778 2880
4779 2881
4780 2881
4781 2881
4782 2882
4783 2883
4784 2884
4785 2884
4786 2884
4787 2885
4788 2886
4789 2887
4790 2888
4791 2889
4792 2892
4793 2894
4794 2895
4795 2896
4796 2897
4797 2897
4798 2897
4799 2898
4800 2899
4801 2899
4802 2899
4803 2900
4804 2901
4805 2902
4806 2903
4807 2904
4808 2905
4809 2906
4810 2906
4811 2906
4812 2907
4813 2908
4814 2908
4815 2908
4816 2909
4817 2911
4818 2912
4819 2913
4820 2913
4821 2913
4822 2914
4823 2915
4824 2916
4825 2917
4826 2918
4827 2919
4828 2919
4829 2920
4830 2921
4831 2921
4832 2921
4833 2922
4834 2923
4835 2924
4836 2924
4837 2924
4838 2925
4839 2926
4840 2927
4841 2927
4842 2927
4843 2928
4844 2929
4845 2929
4846 2929
4847 2930
4848 2931
4849 2932
4850 2933
4851 2935
4852 2936
4853 2937
4854 2937
4855 2937
4856 2938
4857 2939
4858 2940
4859 2940
4860 2940
4861 2941
4862 2941
4863 2941
4864 2942
4865 2943
4866 2944
4867 2944
4868 2944
4869 2945
4870 2946
4871 2946
4872 2946
4873 2947
4874 2948
4875 2949
4876 2951
4877 2952
4878 2953
4879 2954
4880 2954
4881 2954
4882 2955
4883 2955
4884 2955
4885 2958
4886 2959
4887 2960
4888 2961
4889 2962
4890 2962
4891 2964
4892 2965
4893 2966
4894 2967
4895 2969
4896 2970
4897 2970
4898 2970
4899 2971
4900 2972
4901 2972
4902 2972
4903 2973
4904 2974
4905 2975
4906 2976
4907 2976
4908 2976
4909 2978
4910 2979
4911 2980
4912 2981
4913 2982
4914 2982
4915 2982
4916 2983
4917 2984
4918 2986
4919 2987
4920 2988
4921 2989
4922 2990
4923 2990
4924 2990
4925 2991
4926 2992
4927 2993
4928 2994
4929 2995
4930 2996
4931 2997
4932 2998
4933 2998
4934 2998
4935 2999
4936 2999
4937 2999
4938 3000
4939 3001
4940 3002
4941 3003
4942 3004
4943 3005
4944 3006
4945 3006
4946 3006
4947 3007
4948 3008
4949 3009
4950 3010
4951 3011
4952 3012
4953 3013
4954 3014
4955 3014
4956 3015
4957 3016
4958 3016
4959 3017
4960 3018
4961 3019
4962 3019
4963 3020
4964 3020
4965 3020
4966 3021
4967 3022
4968 3023
4969 3023
4970 3023
4971 3024
4972 3025
4973 3026
4974 3027
4975 3028
4976 3029
4977 3030
4978 3030
4979 3030
4980 3031
4981 3032
4982 3032
4983 3032
4984 3033
4985 3034
4986 3035
4987 3035
4988 3036
4989 3036
4990 3036
4991 3037
4992 3038
4993 3039
4994 3039
4995 3039
4996 3040
4997 3041
4998 3041
4999 3041
5000 3042
5001 3043
5002 3044
5003 3045
5004 3046
5005 3046
5006 3046
5007 3047
5008 3048
5009 3048
5010 3048
5011 3049
5012 3050
5013 3050
5014 3050
5015 3051
5016 3052
5017 3053
5018 3055
5019 3056
5020 3058
5021 3059
5022 3059
5023 3059
5024 3060
5025 3061
5026 3061
5027 3061
5028 3062
5029 3063
5030 3065
5031 3066
5032 3067
5033 3068
5034 3069
5035 3070
5036 3071
5037 3072
5038 3073
5039 3073
5040 3073
5041 3074
5042 3076
5043 3076
5044 3077
5045 3077
5046 3077
5047 3078
5048 3079
5049 3080
5050 3080
5051 3080
5052 3081
5053 3082
5054 3083
5055 3083
5056 3083
5057 3084
5058 3085
5059 3085
5060 3085
5061 3086
5062 3086
5063 3086
5064 3087
5065 3088
5066 3089
5067 3090
5068 3091
5069 3092
5070 3092
5071 3092
5072 3093
5073 3094
5074 3095
5075 3096
5076 3099
5077 3100
5078 3100
5079 3100
5080 3101
5081 3102
5082 3102
5083 3102
5084 3103
5085 3104
5086 3106
5087 3107
5088 3108
5089 3108
5090 3108
5091 3109
5092 3110
5093 3111
5094 3111
5095 3111
5096 3112
5097 3112
5098 3113
5099 3114
5100 3115
5101 3115
5102 3115
5103 3116
5104 3117
5105 3118
5106 3119
5107 3121
5108 3122
5109 3123
5110 3124
5111 3124
5112 3124
5113 3125
5114 3125
5115 3125
5116 3126
5117 3127
5118 3128
5119 3128
5120 3128
5121 3129
5122 3130
5123 3131
5124 3132
5125 3133
5126 3135
5127 3136
5128 3136
5129 3136
5130 3137
5131 3138
5132 3139
5133 3140
5134 3141
5135 3142
5136 3142
5137 3142
5138 3143
5139 3144
5140 3144
5141 3144
5142 3145
5143 3146
5144 3147
5145 3147
5146 3148
5147 3148
5148 3149
5149 3150
5150 3151
5151 3152
5152 3153
5153 3154
5154 3155
5155 3156
5156 3157
5157 3158
5158 3158
5159 3158
5160 3159
5161 3160
5162 3161
5163 3161
5164 3162
5165 3162
5166 3162
5167 3163
5168 3164
5169 3165
5170 3165
5171 3165
5172 3166
5173 3167
5174 3168
5175 3168
5176 3168
5177 3169
5178 3170
5179 3171
5180 3171
5181 3171
5182 3173
5183 3173
5184 3173
5185 3174
5186 3175
5187 3176
5188 3177
5189 3179
5190 3180
5191 3182
5192 3183
5193 3184
5194 3185
5195 3186
5196 3186
5197 3186
5198 3187
5199 3188
5200 3189
5201 3189
5202 3190
5203 3190
5204 3190
5205 3191
5206 3192
5207 3193
5208 3194
5209 3194
5210 3194
5211 3195
5212 3196
5213 3196
5214 3196
5215 3198
5216 3199
5217 3201
5218 3201
5219 3201
5220 3202
5221 3203
5222 3204
5223 3205
5224 3206
5225 3207
5226 3207
5227 3207
5228 3208
5229 3209
5230 3209
5231 3209
5232 3210
5233 3211
5234 3212
5235 3214
5236 3215
5237 3216
5238 3219
5239 3220
5240 3221
5241 3221
5242 3221
5243 3222
5244 3223
5245 3224
5246 3226
5247 3228
5248 3229
5249 3230
5250 3231
5251 3232
5252 3233
5253 3233
5254 3233
5255 3234
5256 3235
5257 3235
5258 3235
5259 3236
5260 3237
5261 3237
5262 3237
5263 3238
5264 3239
5265 3241
5266 3242
5267 3243
5268 3244
5269 3246
5270 3248
5271 3249
5272 3249
5273 3249
5274 3250
5275 3251
5276 3251
5277 3251
5278 3252
5279 3253
5280 3254
5281 3255
5282 3256
5283 3257
5284 3257
5285 3257
5286 3258
5287 3259
5288 3260
5289 3261
5290 3262
5291 3263
5292 3263
5293 3264
5294 3265
5295 3265
5296 3265
5297 3266
5298 3267
5299 3268
5300 3268
5301 3269
5302 3269
5303 3269
5304 3270
5305 3271
5306 3272
5307 3272
5308 3272
5309 3273
5310 3274
5311 3275
5312 3276
5313 3277
5314 3279
5315 3280
5316 3281
5317 3283
5318 3284
5319 3285
5320 3286
5321 3286
5322 3286
5323 3287
5324 3288
5325 3289
5326 3289
5327 3290
5328 3291
5329 3292
5330 3293
5331 3294
5332 3294
5333 3294
5334 3295
5335 3296
5336 3296
5337 3296
5338 3297
5339 3298
5340 3298
5341 3298
5342 3299
5343 3300
5344 3301
5345 3302
5346 3304
5347 3305
5348 3305
5349 3305
5350 3306
5351 3307
5352 3308
5353 3309
5354 3310
5355 3311
5356 3312
5357 3313
5358 3313
5359 3314
5360 3315
5361 3316
5362 3316
5363 3316
5364 3317
5365 3318
5366 3319
5367 3319
5368 3319
5369 3320
5370 3320
5371 3320
5372 3321
5373 3322
5374 3323
5375 3325
5376 3326
5377 3327
5378 3328
5379 3329
5380 3329
5381 3329
5382 3330
5383 3330
5384 3330
5385 3331
5386 3332
5387 3333
5388 3333
5389 3333
5390 3334
5391 3334
5392 3335
5393 3336
5394 3336
5395 3336
5396 3337
5397 3338
5398 3341
5399 3342
5400 3343
5401 3344
5402 3344
5403 3344
5404 3345
5405 3346
5406 3347
5407 3348
5408 3349
5409 3350
5410 3351
5411 3351
5412 3351
5413 3352
5414 3353
5415 3353
5416 3353
5417 3354
5418 3355
5419 3356
5420 3356
5421 3357
5422 3357
5423 3358
5424 3360
5425 3360
5426 3360
5427 3361
5428 3362
5429 3363
5430 3364
5431 3365
5432 3366
5433 3367
5434 3368
5435 3368
5436 3368
5437 3369
5438 3370
5439 3371
5440 3371
5441 3372
5442 3373
5443 3373
5444 3373
5445 3374
5446 3375
5447 3376
5448 3376
5449 3376
5450 3377
5451 3378
5452 3379
5453 3379
5454 3379
5455 3380
5456 3381
5457 3381
5458 3381
5459 3382
5460 3383
5461 3384
5462 3385
5463 3387
5464 3388
5465 3389
5466 3390
5467 3391
5468 3392
5469 3393
5470 3394
5471 3394
5472 3394
5473 3395
5474 3396
5475 3397
5476 3397
5477 3398
5478 3398
5479 3398
5480 3399
5481 3400
5482 3401
5483 3401
5484 3401
5485 3402
5486 3403
5487 3404
5488 3404
5489 3404
5490 3405
5491 3406
5492 3406
5493 3406
5494 3408
5495 3409
5496 3411
5497 3411
5498 3411
5499 3412
5500 3413
5501 3414
5502 3415
5503 3416
5504 3417
5505 3417
5506 3417
5507 3418
5508 3418
5509 3418
5510 3419
5511 3420
5512 3421
5513 3423
5514 3424
5515 3425
5516 3428
5517 3429
5518 3430
5519 3430
5520 3430
5521 3431
5522 3432
5523 3432
5524 3432
5525 3433
5526 3434
5527 3436
5528 3437
5529 3438
5530 3438
5531 3438
5532 3439
5533 3440
5534 3442
5535 3443
5536 3444
5537 3445
5538 3446
5539 3446
5540 3446
5541 3447
5542 3448
5543 3448
5544 3448
5545 3449
5546 3451
5547 3452
5548 3453
5549 3454
5550 3456
5551 3457
5552 3459
5553 3460
5554 3460
5555 3460
5556 3461
5557 3462
5558 3462
5559 3462
5560 3463
5561 3464
5562 3465
5563 3466
5564 3467
5565 3468
5566 3469
5567 3469
5568 3469
5569 3470
5570 3471
5571 3472
5572 3473
5573 3474
5574 3474
5575 3474
5576 3475
5577 3476
5578 3476
5579 3477
5580 3478
5581 3479
5582 3479
5583 3479
5584 3480
5585 3481
5586 3481
5587 3482
5588 3482
5589 3482
5590 3483
5591 3484
5592 3485
5593 3486
5594 3487
5595 3488
5596 3489
5597 3491
5598 3492
5599 3494
5600 3495
5601 3496
5602 3497
5603 3497
5604 3497
5605 3499
5606 3500
5607 3500
5608 3501
5609 3502
5610 3503
5611 3503
5612 3503
5613 3504
5614 3505
5615 3506
5616 3507
5617 3507
5618 3507
5619 3508
5620 3510
5621 3511
5622 3512
5623 3514
5624 3514
5625 3514
5626 3515
5627 3517
5628 3518
5629 3519
5630 3520
5631 3521
5632 3522
5633 3523
5634 3523
5635 3523
5636 3524
5637 3524
5638 3524
5639 3525
5640 3526
5641 3527
5642 3528
5643 3529
5644 3530
5645 3531
5646 3532
5647 3532
5648 3533
5649 3534
5650 3535
5651 3535
5652 3535
5653 3536
5654 3537
5655 3538
5656 3538
5657 3538
5658 3539
5659 3539
5660 3539
5661 3540
5662 3541
5663 3542
5664 3542
5665 3542
5666 3543
5667 3543
5668 3544
5669 3545
5670 3545
5671 3545
5672 3546
5673 3547
5674 3548
5675 3549
5676 3552
5677 3553
5678 3553
5679 3553
5680 3554
5681 3556
5682 3557
5683 3558
5684 3560
5685 3560
5686 3560
5687 3561
5688 3562
5689 3562
5690 3562
5691 3563
5692 3564
5693 3565
5694 3566
5695 3566
5696 3566
5697 3567
5698 3568
5699 3568
5700 3569
5701 3569
5702 3569
5703 3570
5704 3572
5705 3572
5706 3572
5707 3573
5708 3574
5709 3575
5710 3576
5711 3577
5712 3579
5713 3580
5714 3581
5715 3582
5716 3583
5717 3584
5718 3585
5719 3585
5720 3585
5721 3586
5722 3587
5723 3588
5724 3588
5725 3589
5726 3590
5727 3590
5728 3590
5729 3591
5730 3592
5731 3594
5732 3594
5733 3594
5734 3595
5735 3596
5736 3597
5737 3598
5738 3599
5739 3600
5740 3601
5741 3601
5742 3601
5743 3602
5744 3603
5745 3604
5746 3604
5747 3604
5748 3605
5749 3606
5750 3607
5751 3607
5752 3608
5753 3608
5754 3608
5755 3609
5756 3610
5757 3611
5758 3611
5759 3611
5760 3612
5761 3613
5762 3613
5763 3613
5764 3614
5765 3615
5766 3616
5767 3617
5768 3618
5769 3618
5770 3618
5771 3619
5772 3622
5773 3623
5774 3623
5775 3623
5776 3624
5777 3625
5778 3625
5779 3625
5780 3626
5781 3627
5782 3629
5783 3630
5784 3631
5785 3633
5786 3634
5787 3636
5788 3637
5789 3637
5790 3637
5791 3638
5792 3639
5793 3639
5794 3639
5795 3640
5796 3641
5797 3643
5798 3644
5799 3645
5800 3645
5801 3645
5802 3646
5803 3647
5804 3648
5805 3649
5806 3649
5807 3649
5808 3650
5809 3650
5810 3650
5811 3651
5812 3652
5813 3653
5814 3653
5815 3653
5816 3654
5817 3655
5818 3655
5819 3655
5820 3656
5821 3657
5822 3658
5823 3659
5824 3660
5825 3662
5826 3663
5827 3663
5828 3664
5829 3664
5830 3664
5831 3665
5832 3666
5833 3670
5834 3671
5835 3672
5836 3673
5837 3673
5838 3673
5839 3674
5840 3674
5841 3674
5842 3676
5843 3677
5844 3678
5845 3679
5846 3681
5847 3682
5848 3683
5849 3685
5850 3686
5851 3686
5852 3686
5853 3687
5854 3688
5855 3688
5856 3688
5857 3689
5858 3691
5859 3692
5860 3693
5861 3694
5862 3695
5863 3695
5864 3695
5865 3696
5866 3697
5867 3698
5868 3699
5869 3700
5870 3701
5871 3701
5872 3701
5873 3702
5874 3703
5875 3705
5876 3705
5877 3705
5878 3706
5879 3707
5880 3708
5881 3709
5882 3710
5883 3712
5884 3713
5885 3714
5886 3714
5887 3714
5888 3715
5889 3716
5890 3717
5891 3718
5892 3719
5893 3720
5894 3720
5895 3720
5896 3721
5897 3722
5898 3723
5899 3723
5900 3723
5901 3724
5902 3725
5903 3725
5904 3725
5905 3727
5906 3728
5907 3728
5908 3728
5909 3729
5910 3730
5911 3730
5912 3730
5913 3731
5914 3732
5915 3733
5916 3734
5917 3736
5918 3737
5919 3737
5920 3737
5921 3738
5922 3739
5923 3740
5924 3741
5925 3742
5926 3743
5927 3744
5928 3745
5929 3746
5930 3746
5931 3747
5932 3748
5933 3748
5934 3748
5935 3749
5936 3750
5937 3751
5938 3751
5939 3751
5940 3752
5941 3753
5942 3753
5943 3753
5944 3754
5945 3755
5946 3756
5947 3756
5948 3756
5949 3757
5950 3757
5951 3757
5952 3758
5953 3759
5954 3760
5955 3760
5956 3760
5957 3761
5958 3762
5959 3762
5960 3762
5961 3763
5962 3764
5963 3765
5964 3767
5965 3768
5966 3769
5967 3770
5968 3770
5969 3771
5970 3771
5971 3771
5972 3773
5973 3774
5974 3775
5975 3776
5976 3778
5977 3780
5978 3781
5979 3782
5980 3783
5981 3783
5982 3783
5983 3784
5984 3784
5985 3784
5986 3785
5987 3787
5988 3788
5989 3789
5990 3792
5991 3793
5992 3793
5993 3793
5994 3794
5995 3795
5996 3795
5997 3795
5998 3796
5999 3797
6000 3798
6001 3799
6002 3800
6003 3801
6004 3801
6005 3801
6006 3803
6007 3804
6008 3805
6009 3806
6010 3807
6011 3808
6012 3808
6013 3808
6014 3809
6015 3810
6016 3811
6017 3812
6018 3814
6019 3814
6020 3814
6021 3815
6022 3816
6023 3817
6024 3818
6025 3819
6026 3821
6027 3821
6028 3821
6029 3822
6030 3823
6031 3824
6032 3825
6033 3826
6034 3827
6035 3827
6036 3827
6037 3828
6038 3829
6039 3829
6040 3829
6041 3830
6042 3831
6043 3832
6044 3833
6045 3833
6046 3833
6047 3834
6048 3834
6049 3834
6050 3836
6051 3837
6052 3837
6053 3837
6054 3838
6055 3839
6056 3840
6057 3841
6058 3842
6059 3844
6060 3844
6061 3844
6062 3845
6063 3846
6064 3847
6065 3848
6066 3849
6067 3850
6068 3851
6069 3852
6070 3852
6071 3853
6072 3854
6073 3855
6074 3855
6075 3855
6076 3856
6077 3857
6078 3858
6079 3858
6080 3858
6081 3859
6082 3859
6083 3859
6084 3860
6085 3861
6086 3861
6087 3861
6088 3862
6089 3863
6090 3864
6091 3864
6092 3865
6093 3866
6094 3866
6095 3866
6096 3867
6097 3868
6098 3869
6099 3870
6100 3871
6101 3873
6102 3874
6103 3874
6104 3874
6105 3875
6106 3877
6107 3878
6108 3879
6109 3880
6110 3880
6111 3880
6112 3881
6113 3883
6114 3883
6115 3884
6116 3884
6117 3884
6118 3885
6119 3886
6120 3887
6121 3887
6122 3888
6123 3889
6124 3889
6125 3889
6126 3890
6127 3891
6128 3891
6129 3891
6130 3892
6131 3893
6132 3894
6133 3895
6134 3896
6135 3897
6136 3897
6137 3897
6138 3898
6139 3899
6140 3900
6141 3901
6142 3902
6143 3903
6144 3904
6145 3905
6146 3905
6147 3906
6148 3907
6149 3908
6150 3909
6151 3909
6152 3909
6153 3910
6154 3911
6155 3912
6156 3912
6157 3912
6158 3913
6159 3913
6160 3913
6161 3914
6162 3915
6163 3916
6164 3917
6165 3918
6166 3919
6167 3920
6168 3921
6169 3921
6170 3922
6171 3923
6172 3924
6173 3924
6174 3924
6175 3926
6176 3927
6177 3928
6178 3929
6179 3930
6180 3931
6181 3931
6182 3931
6183 3932
6184 3933
6185 3935
6186 3937
6187 3937
6188 3937
6189 3938
6190 3939
6191 3939
6192 3939
6193 3940
6194 3941
6195 3942
6196 3943
6197 3944
6198 3945
6199 3946
6200 3946
6201 3947
6202 3948
6203 3951
6204 3952
6205 3953
6206 3954
6207 3955
6208 3957
6209 3957
6210 3957
6211 3958
6212 3958
6213 3958
6214 3959
6215 3960
6216 3961
6217 3962
6218 3964
6219 3965
6220 3966
6221 3966
6222 3967
6223 3968
6224 3968
6225 3969
6226 3970
6227 3971
6228 3971
6229 3972
6230 3972
6231 3972
6232 3973
6233 3974
6234 3975
6235 3975
6236 3975
6237 3976
6238 3976
6239 3976
6240 3977
6241 3978
6242 3980
6243 3981
6244 3983
6245 3984
6246 3984
6247 3985
6248 3986
6249 3986
6250 3986
6251 3987
6252 3988
6253 3989
6254 3991
6255 3992
6256 3993
6257 3994
6258 3995
6259 3996
6260 3997
6261 3997
6262 3997
6263 3998
6264 3998
6265 3998
6266 3999
6267 4000
6268 4001
6269 4002
6270 4003
6271 4004
6272 4005
6273 4005
6274 4006
6275 4007
6276 4008
6277 4009
6278 4010
6279 4011
6280 4012
6281 4013
6282 4013
6283 4014
6284 4015
6285 4015
6286 4016
6287 4017
6288 4018
6289 4018
6290 4019
6291 4019
6292 4019
6293 4020
6294 4021
6295 4022
6296 4022
6297 4022
6298 4024
6299 4025
6300 4026
6301 4027
6302 4028
6303 4028
6304 4028
6305 4029
6306 4030
6307 4030
6308 4030
6309 4031
6310 4032
6311 4032
6312 4033
6313 4034
6314 4036
6315 4037
6316 4038
6317 4039
6318 4040
6319 4041
6320 4043
6321 4044
6322 4045
6323 4045
6324 4045
6325 4046
6326 4047
6327 4047
6328 4047
6329 4048
6330 4049
6331 4050
6332 4051
6333 4052
6334 4053
6335 4053
6336 4053
6337 4054
6338 4055
6339 4056
6340 4057
6341 4058
6342 4059
6343 4059
6344 4060
6345 4061
6346 4061
6347 4061
6348 4062
6349 4063
6350 4064
6351 4064
6352 4065
6353 4065
6354 4065
6355 4066
6356 4067
6357 4068
6358 4068
6359 4068
6360 4069
6361 4070
6362 4070
6363 4071
6364 4072
6365 4073
6366 4074
6367 4076
6368 4077
6369 4077
6370 4077
6371 4078
6372 4079
6373 4080
6374 4080
6375 4080
6376 4081
6377 4082
6378 4083
6379 4083
6380 4083
6381 4084
6382 4085
6383 4086
6384 4086
6385 4086
6386 4087
6387 4088
6388 4089
6389 4090
6390 4091
6391 4093
6392 4094
6393 4095
6394 4096
6395 4097
6396 4098
6397 4099
6398 4099
6399 4100
6400 4101
6401 4102
6402 4103
6403 4104
6404 4104
6405 4104
6406 4105
6407 4106
6408 4106
6409 4107
6410 4108
6411 4110
6412 4111
6413 4111
6414 4111
6415 4112
6416 4113
6417 4114
6418 4115
6419 4116
6420 4117
6421 4118
6422 4119
6423 4119
6424 4120
6425 4121
6426 4122
6427 4122
6428 4122
6429 4123
6430 4124
6431 4125
6432 4125
6433 4125
6434 4126
6435 4126
6436 4126
6437 4127
6438 4128
6439 4129
6440 4131
6441 4132
6442 4133
6443 4134
6444 4134
6445 4134
6446 4135
6447 4136
6448 4137
6449 4137
6450 4137
6451 4138
6452 4138
6453 4138
6454 4139
6455 4140
6456 4141
6457 4141
6458 4141
6459 4142
6460 4142
6461 4143
6462 4145
6463 4145
6464 4145
6465 4147
6466 4148
6467 4149
6468 4151
6469 4152
6470 4153
6471 4154
6472 4154
6473 4154
6474 4155
6475 4156
6476 4157
6477 4158
6478 4159
6479 4160
6480 4161
6481 4161
6482 4161
6483 4162
6484 4163
6485 4164
6486 4165
6487 4166
6488 4167
6489 4168
6490 4168
6491 4168
6492 4169
6493 4170
6494 4170
6495 4170
6496 4171
6497 4172
6498 4173
6499 4173
6500 4174
6501 4174
6502 4175
6503 4176
6504 4177
6505 4177
6506 4177
6507 4178
6508 4179
6509 4180
6510 4180
6511 4180
6512 4181
6513 4182
6514 4183
6515 4183
6516 4183
6517 4184
6518 4185
6519 4186
6520 4186
6521 4186
6522 4188
6523 4188
6524 4188
6525 4189
6526 4190
6527 4191
6528 4192
6529 4194
6530 4195
6531 4196
6532 4197
6533 4198
6534 4199
6535 4200
6536 4201
6537 4201
6538 4201
6539 4203
6540 4204
6541 4204
6542 4205
6543 4205
6544 4205
6545 4206
6546 4207
6547 4208
6548 4208
6549 4208
6550 4209
6551 4210
6552 4211
6553 4211
6554 4211
6555 4212
6556 4213
6557 4213
6558 4213
6559 4215
6560 4216
6561 4218
6562 4218
6563 4218
6564 4219
6565 4220
6566 4221
6567 4222
6568 4223
6569 4224
6570 4224
6571 4224
6572 4226
6573 4226
6574 4226
6575 4227
6576 4228
6577 4229
6578 4231
6579 4232
6580 4233
6581 4236
6582 4237
6583 4238
6584 4238
6585 4238
6586 4239
6587 4240
6588 4240
6589 4240
6590 4241
6591 4242
6592 4244
6593 4245
6594 4246
6595 4246
6596 4246
6597 4247
6598 4248
6599 4249
6600 4250
6601 4250
6602 4250
6603 4251
6604 4251
6605 4251
6606 4252
6607 4253
6608 4254
6609 4254
6610 4254
6611 4255
6612 4256
6613 4256
6614 4256
6615 4257
6616 4258
6617 4259
6618 4260
6619 4261
6620 4263
6621 4264
6622 4264
6623 4265
6624 4265
6625 4265
6626 4266
6627 4267
6628 4269
6629 4271
6630 4272
6631 4273
6632 4274
6633 4274
6634 4274
6635 4275
6636 4276
6637 4277
6638 4278
6639 4280
6640 4281
6641 4282
6642 4284
6643 4285
6644 4285
6645 4286
6646 4287
6647 4287
6648 4287
6649 4288
6650 4290
6651 4291
6652 4292
6653 4293
6654 4294
6655 4294
6656 4294
6657 4295
6658 4296
6659 4297
6660 4298
6661 4299
6662 4300
6663 4300
6664 4300
6665 4301
6666 4302
6667 4303
6668 4304
6669 4304
6670 4304
6671 4305
6672 4306
6673 4307
6674 4308
6675 4309
6676 4311
6677 4312
6678 4314
6679 4314
6680 4314
6681 4315
6682 4316
6683 4317
6684 4319
6685 4321
6686 4322
6687 4322
6688 4322
6689 4323
6690 4324
6691 4324
6692 4324
6693 4325
6694 4326
6695 4327
6696 4327
6697 4327
6698 4328
6699 4329
6700 4329
6701 4329
6702 4330
6703 4331
6704 4332
6705 4333
6706 4335
6707 4336
6708 4336
6709 4336
6710 4337
6711 4338
6712 4339
6713 4340
6714 4341
6715 4342
6716 4343
6717 4344
6718 4345
6719 4345
6720 4346
6721 4347
6722 4347
6723 4347
6724 4348
6725 4349
6726 4350
6727 4350
6728 4350
6729 4351
6730 4352
6731 4352
6732 4352
6733 4353
6734 4354
6735 4355
6736 4355
6737 4355
6738 4356
6739 4356
6740 4356
6741 4357
6742 4358
6743 4359
6744 4359
6745 4359
6746 4360
6747 4361
6748 4361
6749 4361
6750 4362
6751 4363
6752 4364
6753 4366
6754 4368
6755 4368
6756 4368
6757 4370
6758 4371
6759 4372
6760 4373
6761 4375
6762 4377
6763 4378
6764 4379
6765 4380
6766 4380
6767 4380
6768 4381
6769 4381
6770 4381
6771 4382
6772 4384
6773 4385
6774 4386
6775 4387
6776 4389
6777 4390
6778 4390
6779 4390
6780 4391
6781 4392
6782 4392
6783 4392
6784 4393
6785 4394
6786 4395
6787 4396
6788 4397
6789 4398
6790 4398
6791 4400
6792 4401
6793 4402
6794 4403
6795 4404
6796 4405
6797 4407
6798 4409
6799 4410
6800 4410
6801 4410
6802 4411
6803 4412
6804 4412
6805 4412
6806 4413
6807 4414
6808 4415
6809 4416
6810 4417
6811 4418
6812 4418
6813 4418
6814 4419
6815 4420
6816 4421
6817 4422
6818 4425
6819 4425
6820 4425
6821 4426
6822 4427
6823 4428
6824 4429
6825 4430
6826 4431
6827 4431
6828 4431
6829 4432
6830 4433
6831 4433
6832 4433
6833 4434
6834 4435
6835 4436
6836 4437
6837 4437
6838 4437
6839 4438
6840 4438
6841 4438
6842 4440
6843 4441
6844 4441
6845 4441
6846 4442
6847 4443
6848 4444
6849 4445
6850 4446
6851 4448
6852 4448
6853 4448
6854 4449
6855 4450
6856 4451
6857 4452
6858 4453
6859 4454
6860 4455
6861 4456
6862 4456
6863 4457
6864 4458
6865 4459
6866 4459
6867 4459
6868 4460
6869 4461
6870 4462
6871 4462
6872 4462
6873 4463
6874 4465
6875 4466
6876 4467
6877 4468
6878 4469
6879 4469
6880 4469
6881 4470
6882 4471
6883 4471
6884 4471
6885 4472
6886 4473
6887 4474
6888 4475
6889 4476
6890 4477
6891 4478
6892 4478
6893 4478
6894 4479
6895 4480
6896 4480
6897 4481
6898 4482
6899 4483
6900 4483
6901 4483
6902 4484
6903 4485
6904 4485
6905 4486
6906 4486
6907 4486
6908 4487
6909 4488
6910 4489
6911 4489
6912 4489
6913 4490
6914 4491
6915 4492
6916 4493
6917 4494
6918 4497
6919 4498
6920 4499
6921 4500
6922 4501
6923 4502
6924 4502
6925 4502
6926 4503
6927 4504
6928 4504
6929 4504
6930 4505
6931 4506
6932 4507
6933 4508
6934 4509
6935 4510
6936 4511
6937 4513
6938 4514
6939 4515
6940 4515
6941 4515
6942 4516
6943 4517
6944 4517
6945 4517
6946 4518
6947 4519
6948 4520
6949 4521
6950 4522
6951 4522
6952 4523
6953 4524
6954 4524
6955 4524
6956 4526
6957 4527
6958 4527
6959 4528
6960 4528
6961 4528
6962 4529
6963 4530
6964 4531
6965 4531
6966 4532
6967 4533
6968 4533
6969 4533
6970 4534
6971 4535
6972 4536
6973 4537
6974 4539
6975 4540
6976 4540
6977 4540
6978 4541
6979 4542
6980 4543
6981 4544
6982 4544
6983 4544
6984 4545
6985 4545
6986 4545
6987 4546
6988 4547
6989 4548
6990 4548
6991 4549
6992 4549
6993 4549
6994 4550
6995 4551
6996 4552
6997 4553
6998 4554
6999 4556
7000 4557
7001 4557
7002 4557
7003 4558
7004 4560
7005 4561
7006 4562
7007 4563
7008 4564
7009 4564
7010 4564
7011 4565
7012 4565
7013 4565
7014 4566
7015 4567
7016 4568
7017 4569
7018 4570
7019 4572
7020 4573
7021 4574
7022 4575
7023 4576
7024 4577
7025 4577
7026 4577
7027 4578
7028 4579
7029 4579
7030 4579
7031 4580
7032 4581
7033 4581
7034 4581
7035 4582
7036 4583
7037 4584
7038 4585
7039 4586
7040 4587
7041 4588
7042 4588
7043 4588
7044 4589
7045 4590
7046 4591
7047 4592
7048 4593
7049 4594
7050 4595
7051 4596
7052 4597
7053 4598
7054 4598
7055 4599
7056 4600
7057 4601
7058 4602
7059 4603
7060 4604
7061 4605
7062 4605
7063 4606
7064 4607
7065 4607
7066 4608
7067 4609
7068 4610
7069 4610
7070 4611
7071 4611
7072 4612
7073 4613
7074 4614
7075 4614
7076 4614
7077 4615
7078 4616
7079 4616
7080 4616
7081 4617
7082 4618
7083 4619
7084 4619
7085 4619
7086 4620
7087 4620
7088 4621
7089 4622
7090 4623
7091 4623
7092 4623
7093 4624
7094 4625
7095 4626
7096 4628
7097 4629
7098 4630
7099 4631
7100 4631
7101 4631
7102 4632
7103 4632
7104 4632
7105 4633
7106 4634
7107 4635
7108 4636
7109 4637
7110 4638
7111 4639
7112 4639
7113 4639
7114 4641
7115 4642
7116 4643
7117 4645
7118 4646
7119 4646
7120 4646
7121 4647
7122 4648
7123 4648
7124 4648
7125 4649
7126 4650
7127 4650
7128 4651
7129 4652
7130 4653
7131 4654
7132 4655
7133 4656
7134 4656
7135 4657
7136 4657
7137 4658
7138 4659
7139 4660
7140 4660
7141 4660
7142 4661
7143 4662
7144 4662
7145 4662
7146 4664
7147 4665
7148 4666
7149 4668
7150 4669
7151 4669
7152 4669
7153 4670
7154 4670
7155 4670
7156 4671
7157 4674
7158 4675
7159 4676
7160 4676
7161 4676
7162 4677
7163 4678
7164 4679
7165 4680
7166 4681
7167 4682
7168 4683
7169 4684
7170 4685
7171 4687
7172 4688
7173 4688
7174 4688
7175 4689
7176 4690
7177 4690
7178 4690
7179 4691
7180 4693
7181 4694
7182 4695
7183 4696
7184 4697
7185 4697
7186 4697
7187 4698
7188 4699
7189 4700
7190 4701
7191 4702
7192 4703
7193 4703
7194 4703
7195 4704
7196 4705
7197 4706
7198 4707
7199 4707
7200 4707
7201 4708
7202 4709
7203 4710
7204 4711
7205 4712
7206 4714
7207 4715
7208 4716
7209 4716
7210 4716
7211 4717
7212 4717
7213 4717
7214 4718
7215 4719
7216 4720
7217 4720
7218 4720
7219 4721
7220 4722
7221 4723
7222 4724
7223 4725
7224 4727
7225 4728
7226 4728
7227 4728
7228 4730
7229 4731
7230 4732
7231 4733
7232 4734
7233 4735
7234 4735
7235 4735
7236 4736
7237 4737
7238 4737
7239 4737
7240 4738
7241 4739
7242 4740
7243 4740
7244 4740
7245 4741
7246 4742
7247 4742
7248 4742
7249 4743
7250 4744
7251 4744
7252 4745
7253 4746
7254 4747
7255 4747
7256 4747
7257 4748
7258 4749
7259 4749
7260 4749
7261 4750
7262 4751
7263 4752
7264 4753
7265 4755
7266 4756
7267 4756
7268 4756
7269 4757
7270 4758
7271 4759
7272 4761
7273 4762
7274 4763
7275 4763
7276 4764
7277 4765
7278 4766
7279 4767
7280 4767
7281 4768
7282 4768
7283 4769
7284 4769
7285 4770
7286 4770
7287 4771
7288 4771
7289 4772
7290 4772
7291 4773
7292 4774
7293 4774
7294 4775
7295 4775
7296 4776
7297 4776
7298 4777
7299 4777
7300 4778
7301 4779
7302 4779
7303 4780
7304 4780
7305 4781
7306 4782
7307 4782
7308 4783
7309 4783
7310 4784
7311 4784
7312 4785
7313 4785
7314 4786
7315 4786
7316 4787
7317 4787
7318 4788
7319 4788
7320 4789
7321 4789
7322 4790
7323 4790
7324 4791
7325 4791
7326 4792
7327 4792
7328 4793
7329 4794
7330 4794
7331 4795
7332 4795
7333 4796
7334 4796
7335 4797
7336 4797
7337 4798
7338 4798
7339 4799
7340 4799
7341 4800
7342 4801
7343 4801
7344 4802
7345 4802
7346 4803
7347 4803
7348 4804
7349 4804
7350 4805
7351 4805
7352 4806
7353 4806
7354 4807
7355 4807
7356 4808
7357 4808
7358 4809
7359 4809
7360 4810
7361 4810
7362 4811
7363 4812
7364 4812
7365 4813
7366 4813
7367 4814
7368 4814
7369 4815
7370 4815
7371 4816
7372 4816
7373 4817
7374 4817
7375 4818
7376 4818
7377 4819
7378 4819
7379 4820
7380 4820
7381 4821
7382 4821
7383 4822
7384 4823
7385 4823
7386 4824
7387 4825
7388 4825
7389 4826
7390 4826
7391 4827
7392 4828
7393 4828
7394 4829
7395 4829
7396 4830
7397 4830
7398 4831
7399 4831
7400 4832
7401 4832
7402 4833
7403 4833
7404 4834
7405 4835
7406 4835
7407 4836
7408 4837
7409 4837
7410 4838
7411 4838
7412 4839
7413 4839
7414 4840
7415 4840
7416 4841
7417 4842
7418 4842
7419 4843
7420 4843
7421 4844
7422 4844
7423 4845
7424 4845
7425 4846
7426 4846
7427 4847
7428 4847
7429 4848
7430 4848
7431 4849
7432 4849
7433 4850
7434 4850
7435 4851
7436 4851
7437 4852
7438 4852
7439 4853
7440 4854
7441 4854
7442 4855
7443 4855
7444 4856
7445 4856
7446 4857
7447 4858
7448 4858
7449 4859
7450 4860
7451 4860
7452 4861
7453 4861
7454 4862
7455 4863
7456 4863
7457 4864
7458 4864
7459 4865
7460 4865
7461 4866
7462 4866
7463 4867
7464 4867
7465 4868
7466 4869
7467 4869
7468 4870
7469 4870
7470 4871
7471 4872
7472 4873
7473 4873
7474 4874
7475 4874
7476 4875
7477 4875
7478 4876
7479 4876
7480 4877
7481 4877
7482 4878
7483 4878
7484 4879
7485 4879
7486 4880
7487 4880
7488 4881
7489 4881
7490 4882
7491 4882
7492 4883
7493 4883
7494 4884
7495 4884
7496 4885
7497 4885
7498 4886
7499 4886
7500 4887
7501 4887
7502 4888
7503 4888
7504 4889
7505 4889
7506 4890
7507 4890
7508 4891
7509 4891
7510 4892
7511 4893
7512 4893
7513 4894
7514 4894
7515 4895
7516 4895
7517 4896
7518 4896
7519 4897
7520 4897
7521 4898
7522 4898
7523 4899
7524 4899
7525 4900
7526 4900
7527 4901
7528 4901
7529 4902
7530 4902
7531 4903
7532 4903
7533 4904
7534 4904
7535 4905
7536 4905
7537 4906
7538 4906
7539 4907
7540 4907
7541 4908
7542 4908
7543 4909
7544 4909
7545 4910
7546 4911
7547 4911
7548 4912
7549 4912
7550 4913
7551 4913
7552 4914
7553 4915
7554 4915
7555 4916
7556 4916
7557 4917
7558 4917
7559 4918
7560 4918
7561 4919
7562 4919
7563 4920
7564 4921
7565 4921
7566 4922
7567 4922
7568 4923
7569 4923
7570 4924
7571 4924
7572 4925
7573 4925
7574 4926
7575 4926
7576 4927
7577 4928
7578 4928
7579 4929
7580 4929
7581 4930
7582 4930
7583 4931
7584 4931
7585 4932
7586 4932
7587 4933
7588 4933
7589 4934
7590 4934
7591 4935
7592 4935
7593 4936
7594 4936
7595 4937
7596 4937
7597 4938
7598 4938
7599 4939
7600 4939
7601 4940
7602 4941
7603 4941
7604 4942
7605 4943
7606 4943
7607 4944
7608 4944
7609 4945
7610 4945
7611 4946
7612 4946
7613 4947
7614 4947
7615 4948
7616 4949
7617 4949
7618 4950
7619 4950
7620 4951
7621 4951
7622 4952
7623 4952
7624 4953
7625 4953
7626 4954
7627 4954
7628 4955
7629 4955
7630 4956
7631 4956
7632 4957
7633 4957
7634 4958
7635 4958
7636 4959
7637 4959
7638 4960
7639 4960
7640 4961
7641 4962
7642 4962
7643 4963
7644 4963
7645 4964
7646 4964
7647 4965
7648 4965
7649 4966
7650 4966
7651 4967
7652 4967
7653 4968
7654 4968
7655 4969
7656 4969
7657 4970
7658 4971
7659 4971
7660 4972
7661 4973
7662 4973
7663 4974
7664 4974
7665 4975
7666 4975
7667 4976
7668 4976
7669 4977
7670 4977
7671 4978
7672 4979
7673 4979
7674 4980
7675 4980
7676 4981
7677 4981
7678 4982
7679 4982
7680 4983
7681 4983
7682 4984
7683 4984
7684 4985
7685 4985
7686 4986
7687 4986
7688 4987
7689 4987
7690 4988
7691 4989
7692 4989
7693 4990
7694 4990
7695 4991
7696 4991
7697 4992
7698 4992
7699 4993
7700 4994
7701 4994
7702 4995
7703 4996
7704 4996
7705 4997
7706 4998
7707 4998
7708 4999
7709 5000
7710 5000
7711 5001
7712 5001
7713 5002
7714 5002
7715 5003
7716 5003
7717 5004
7718 5005
7719 5005
7720 5006
7721 5006
7722 5007
7723 5007
7724 5008
7725 5008
7726 5009
7727 5009
7728 5010
7729 5010
7730 5011
7731 5011
7732 5012
7733 5013
7734 5013
7735 5014
7736 5014
7737 5015
7738 5015
7739 5016
7740 5017
7741 5017
7742 5018
7743 5018
7744 5019
7745 5019
7746 5020
7747 5020
7748 5021
7749 5021
7750 5022
7751 5022
7752 5023
7753 5023
7754 5024
7755 5024
7756 5025
7757 5025
7758 5026
7759 5026
7760 5027
7761 5027
7762 5028
7763 5029
7764 5029
7765 5030
7766 5030
7767 5031
7768 5031
7769 5032
7770 5033
7771 5033
7772 5034
7773 5034
7774 5035
7775 5035
7776 5036
7777 5036
7778 5037
7779 5037
7780 5038
7781 5038
7782 5039
7783 5039
7784 5040
7785 5040
7786 5041
7787 5041
7788 5042
7789 5042
7790 5043
7791 5043
7792 5044
7793 5045
7794 5045
7795 5046
7796 5046
7797 5047
7798 5047
7799 5048
7800 5048
7801 5049
7802 5049
7803 5050
7804 5050
7805 5051
7806 5051
7807 5052
7808 5052
7809 5053
7810 5053
7811 5054
7812 5055
7813 5055
7814 5056
7815 5057
7816 5057
7817 5058
7818 5058
7819 5059
7820 5059
7821 5060
7822 5061
7823 5061
7824 5062
7825 5062
7826 5063
7827 5063
7828 5064
7829 5064
7830 5065
7831 5065
7832 5066
7833 5066
7834 5067
7835 5067
7836 5068
7837 5068
7838 5069
7839 5069
7840 5070
7841 5070
7842 5071
7843 5071
7844 5072
7845 5072
7846 5073
7847 5073
7848 5074
7849 5075
7850 5075
7851 5076
7852 5076
7853 5077
7854 5077
7855 5078
7856 5078
7857 5079
7858 5080
7859 5080
7860 5081
7861 5081
7862 5082
7863 5082
7864 5083
7865 5083
7866 5084
7867 5084
7868 5085
7869 5086
7870 5086
7871 5087
7872 5087
7873 5088
7874 5088
7875 5089
7876 5089
7877 5090
7878 5090
7879 5091
7880 5091
7881 5092
7882 5092
7883 5093
7884 5093
7885 5094
7886 5095
7887 5095
7888 5096
7889 5096
7890 5097
7891 5098
7892 5098
7893 5099
7894 5100
7895 5101
7896 5101
7897 5102
7898 5103
7899 5104
7900 5104
7901 5105
7902 5105
7903 5106
7904 5106
7905 5107
7906 5107
7907 5108
7908 5108
7909 5109
7910 5109
7911 5110
7912 5110
7913 5111
7914 5111
7915 5112
7916 5112
7917 5113
7918 5113
7919 5114
7920 5114
7921 5115
7922 5115
7923 5116
7924 5116
7925 5117
7926 5117
7927 5118
7928 5119
7929 5119
7930 5120
7931 5120
7932 5121
7933 5121
7934 5122
7935 5122
7936 5123
7937 5123
7938 5124
7939 5124
7940 5125
7941 5125
7942 5126
7943 5126
7944 5127
7945 5127
7946 5128
7947 5128
7948 5129
7949 5129
7950 5130
7951 5130
7952 5131
7953 5132
7954 5132
7955 5133
7956 5134
7957 5134
7958 5135
7959 5135
7960 5136
7961 5136
7962 5137
7963 5137
7964 5138
7965 5138
7966 5139
7967 5140
7968 5141
7969 5141
7970 5142
7971 5142
7972 5143
7973 5143
7974 5144
7975 5144
7976 5145
7977 5145
7978 5146
7979 5147
7980 5148
7981 5148
7982 5149
7983 5149
7984 5150
7985 5150
7986 5151
7987 5152
7988 5152
7989 5153
7990 5153
7991 5154
7992 5154
7993 5155
7994 5156
7995 5156
7996 5157
7997 5157
7998 5158
7999 5158
8000 5159
8001 5159
8002 5160
8003 5160
8004 5161
8005 5161
8006 5162
8007 5162
8008 5163
8009 5163
8010 5164
8011 5164
8012 5165
8013 5165
8014 5166
8015 5167
8016 5167
8017 5168
8018 5168
8019 5169
8020 5169
8021 5170
8022 5170
8023 5171
8024 5171
8025 5172
8026 5172
8027 5173
8028 5173
8029 5174
8030 5174
8031 5175
8032 5176
8033 5176
8034 5177
8035 5177
8036 5178
8037 5178
8038 5179
8039 5179
8040 5180
8041 5181
8042 5181
8043 5182
8044 5182
8045 5183
8046 5183
8047 5184
8048 5184
8049 5185
8050 5185
8051 5186
8052 5186
8053 5187
8054 5187
8055 5188
8056 5188
8057 5189
8058 5189
8059 5190
8060 5191
8061 5191
8062 5192
8063 5193
8064 5193
8065 5194
8066 5194
8067 5195
8068 5195
8069 5196
8070 5197
8071 5197
8072 5198
8073 5198
8074 5199
8075 5199
8076 5200
8077 5200
8078 5201
8079 5201
8080 5202
8081 5203
8082 5203
8083 5204
8084 5204
8085 5205
8086 5205
8087 5206
8088 5206
8089 5207
8090 5207
8091 5208
8092 5209
8093 5209
8094 5210
8095 5211
8096 5211
8097 5212
8098 5212
8099 5213
8100 5213
8101 5214
8102 5215
8103 5215
8104 5216
8105 5216
8106 5217
8107 5217
8108 5218
8109 5218
8110 5219
8111 5219
8112 5220
8113 5220
8114 5221
8115 5221
8116 5222
8117 5222
8118 5223
8119 5223
8120 5224
8121 5224
8122 5225
8123 5225
8124 5226
8125 5226
8126 5227
8127 5227
8128 5228
8129 5229
8130 5229
8131 5230
8132 5230
8133 5231
8134 5231
8135 5232
8136 5232
8137 5233
8138 5233
8139 5234
8140 5234
8141 5235
8142 5235
8143 5236
8144 5237
8145 5237
8146 5238
8147 5238
8148 5239
8149 5239
8150 5240
8151 5240
8152 5241
8153 5241
8154 5242
8155 5242
8156 5243
8157 5243
8158 5244
8159 5244
8160 5245
8161 5246
8162 5247
8163 5247
8164 5248
8165 5248
8166 5249
8167 5250
8168 5250
8169 5251
8170 5251
8171 5252
8172 5252
8173 5253
8174 5253
8175 5254
8176 5254
8177 5255
8178 5255
8179 5256
8180 5256
8181 5257
8182 5257
8183 5258
8184 5258
8185 5259
8186 5259
8187 5261
8188 5261
8189 5262
8190 5262
8191 5263
8192 5263
8193 5264
8194 5264
8195 5266
8196 5266
8197 5267
8198 5267
8199 5268
8200 5268
8201 5269
8202 5269
8203 5270
8204 5270
8205 5271
8206 5271
8207 5272
8208 5272
8209 5273
8210 5273
8211 5274
8212 5274
8213 5275
8214 5275
8215 5276
8216 5276
8217 5277
8218 5277
8219 5278
8220 5278
8221 5279
8222 5280
8223 5281
8224 5281
8225 5282
8226 5283
8227 5283
8228 5284
8229 5284
8230 5285
8231 5285
8232 5286
8233 5287
8234 5287
8235 5288
8236 5289
8237 5289
8238 5290
8239 5290
8240 5291
8241 5291
8242 5292
8243 5292
8244 5293
8245 5293
8246 5294
8247 5294
8248 5295
8249 5295
8250 5296
8251 5296
8252 5297
8253 5297
8254 5298
8255 5298
8256 5299
8257 5300
8258 5300
8259 5301
8260 5301
8261 5302
8262 5303
8263 5303
8264 5304
8265 5304
8266 5305
8267 5305
8268 5306
8269 5306
8270 5307
8271 5308
8272 5308
8273 5309
8274 5310
8275 5311
8276 5311
8277 5312
8278 5312
8279 5313
8280 5313
8281 5314
8282 5314
8283 5315
8284 5316
8285 5316
8286 5317
8287 5317
8288 5318
8289 5318
8290 5319
8291 5319
8292 5320
8293 5320
8294 5321
8295 5321
8296 5322
8297 5322
8298 5323
8299 5324
8300 5325
8301 5325
8302 5326
8303 5326
8304 5327
8305 5328
8306 5328
8307 5329
8308 5330
8309 5330
8310 5331
8311 5331
8312 5332
8313 5332
8314 5333
8315 5334
8316 5334
8317 5335
8318 5335
8319 5336
8320 5337
8321 5337
8322 5338
8323 5338
8324 5339
8325 5339
8326 5340
8327 5340
8328 5341
8329 5341
8330 5342
8331 5343
8332 5343
8333 5344
8334 5344
8335 5345
8336 5345
8337 5346
8338 5346
8339 5347
8340 5347
8341 5348
8342 5348
8343 5349
8344 5349
8345 5350
8346 5351
8347 5352
8348 5352
8349 5353
8350 5353
8351 5354
8352 5354
8353 5355
8354 5356
8355 5356
8356 5357
8357 5357
8358 5358
8359 5358
8360 5359
8361 5360
8362 5360
8363 5361
8364 5361
8365 5362
8366 5362
8367 5363
8368 5363
8369 5364
8370 5364
8371 5365
8372 5365
8373 5366
8374 5366
8375 5367
8376 5367
8377 5368
8378 5369
8379 5369
8380 5370
8381 5370
8382 5371
8383 5371
8384 5372
8385 5372
8386 5373
8387 5374
8388 5374
8389 5375
8390 5375
8391 5376
8392 5376
8393 5377
8394 5377
8395 5378
8396 5378
8397 5379
8398 5379
8399 5380
8400 5380
8401 5381
8402 5382
8403 5382
8404 5383
8405 5383
8406 5384
8407 5384
8408 5385
8409 5385
8410 5386
8411 5386
8412 5387
8413 5387
8414 5388
8415 5389
8416 5389
8417 5390
8418 5390
8419 5391
8420 5392
8421 5392
8422 5393
8423 5393
8424 5394
8425 5394
8426 5395
8427 5396
8428 5397
8429 5397
8430 5398
8431 5398
8432 5399
8433 5399
8434 5400
8435 5400
8436 5401
8437 5401
8438 5402
8439 5402
8440 5403
8441 5403
8442 5404
8443 5404
8444 5405
8445 5406
8446 5406
8447 5407
8448 5407
8449 5408
8450 5409
8451 5409
8452 5410
8453 5410
8454 5411
8455 5411
8456 5412
8457 5412
8458 5413
8459 5413
8460 5414
8461 5414
8462 5415
8463 5415
8464 5416
8465 5416
8466 5417
8467 5417
8468 5418
8469 5418
8470 5419
8471 5419
8472 5420
8473 5420
8474 5421
8475 5422
8476 5423
8477 5423
8478 5424
8479 5425
8480 5425
8481 5426
8482 5427
8483 5427
8484 5428
8485 5429
8486 5429
8487 5430
8488 5430
8489 5431
8490 5431
8491 5432
8492 5433
8493 5433
8494 5434
8495 5434
8496 5435
8497 5435
8498 5436
8499 5436
8500 5437
8501 5437
8502 5438
8503 5438
8504 5439
8505 5439
8506 5440
8507 5440
8508 5441
8509 5441
8510 5442
8511 5442
8512 5443
8513 5443
8514 5444
8515 5444
8516 5445
8517 5445
8518 5446
8519 5446
8520 5447
8521 5447
8522 5448
8523 5449
8524 5449
8525 5450
8526 5450
8527 5451
8528 5451
8529 5452
8530 5452
8531 5453
8532 5454
8533 5454
8534 5455
8535 5456
8536 5456
8537 5457
8538 5457
8539 5458
8540 5458
8541 5459
8542 5459
8543 5460
8544 5460
8545 5461
8546 5461
8547 5462
8548 5462
8549 5463
8550 5463
8551 5464
8552 5466
8553 5466
8554 5467
8555 5467
8556 5468
8557 5468
8558 5469
8559 5469
8560 5470
8561 5470
8562 5471
8563 5472
8564 5472
8565 5473
8566 5473
8567 5474
8568 5474
8569 5475
8570 5475
8571 5476
8572 5476
8573 5477
8574 5478
8575 5478
8576 5479
8577 5479
8578 5480
8579 5480
8580 5481
8581 5481
8582 5482
8583 5483
8584 5483
8585 5484
8586 5484
8587 5485
8588 5486
8589 5486
8590 5487
8591 5488
8592 5488
8593 5489
8594 5490
8595 5490
8596 5491
8597 5491
8598 5492
8599 5492
8600 5493
8601 5494
8602 5495
8603 5495
8604 5496
8605 5496
8606 5497
8607 5497
8608 5499
8609 5499
8610 5500
8611 5500
8612 5501
8613 5501
8614 5502
8615 5502
8616 5503
8617 5503
8618 5504
8619 5504
8620 5505
8621 5505
8622 5506
8623 5506
8624 5507
8625 5507
8626 5508
8627 5508
8628 5509
8629 5509
8630 5510
8631 5510
8632 5511
8633 5511
8634 5512
8635 5512
8636 5513
8637 5513
8638 5514
8639 5515
8640 5515
8641 5516
8642 5516
8643 5517
8644 5517
8645 5518
8646 5518
8647 5519
8648 5519
8649 5520
8650 5520
8651 5521
8652 5521
8653 5522
8654 5522
8655 5523
8656 5524
8657 5524
8658 5525
8659 5525
8660 5526
8661 5527
8662 5528
8663 5528
8664 5529
8665 5529
8666 5530
8667 5530
8668 5531
8669 5531
8670 5532
8671 5532
8672 5533
8673 5534
8674 5534
8675 5535
8676 5536
8677 5536
8678 5537
8679 5537
8680 5538
8681 5538
8682 5539
8683 5539
8684 5540
8685 5540
8686 5541
8687 5541
8688 5543
8689 5543
8690 5544
8691 5544
8692 5545
8693 5545
8694 5547
8695 5547
8696 5548
8697 5548
8698 5549
8699 5549
8700 5550
8701 5550
8702 5551
8703 5551
8704 5552
8705 5552
8706 5553
8707 5553
8708 5554
8709 5554
8710 5555
8711 5555
8712 5556
8713 5557
8714 5557
8715 5558
8716 5558
8717 5559
8718 5559
8719 5560
8720 5560
8721 5561
8722 5562
8723 5563
8724 5563
8725 5564
8726 5564
8727 5565
8728 5565
8729 5566
8730 5566
8731 5567
8732 5567
8733 5568
8734 5568
8735 5569
8736 5570
8737 5570
8738 5571
8739 5572
8740 5572
8741 5573
8742 5573
8743 5574
8744 5574
